160.0,48.0
0.000000
0.000000
0.000000
0.000000
147.0,164.0
189.0,17.0
9.0,62.0
166.0,184.0
236.0,60.0
174.0,32.0
2.000000, 5.000000, 1.000000, 4.000000, 3.000000, 0.000000
4.000000, 1.000000, 5.000000, 2.000000, 0.000000, 3.000000
5.000000, 2.000000, 0.000000, 3.000000, 4.000000, 1.000000
1.000000, 1.000000, 1.000000, 5.000000, 5.000000, 1.000000
183.0,195.0
200.0,69.0
204.0,146.0
157.0,153.0
208.0,168.0
106.0,279.0
171.0,25.0
121.0,201.0
256.0,247.0
72.0,94.0
19.0,91.0
9.000000, 10.000000, 7.000000, 5.000000, 8.000000, 4.000000, 2.000000, 1.000000, 6.000000, 0.000000, 3.000000
2.000000, 3.000000, 9.000000, 10.000000, 6.000000, 1.000000, 0.000000, 7.000000, 5.000000, 8.000000, 4.000000
0.000000, 4.000000, 2.000000, 3.000000, 1.000000, 6.000000, 9.000000, 10.000000, 7.000000, 5.000000, 8.000000
0.000000, 0.000000, 3.000000, 4.000000, 3.000000, 3.000000, 3.000000, 3.000000, 2.000000, 4.000000, 4.000000
181.0,89.0
43.0,16.0
187.0,160.0
297.0,250.0
82.0,276.0
51.0,143.0
143.0,266.0
45.0,281.0
188.0,124.0
37.0,87.0
3.0,245.0
70.0,218.0
138.0,78.0
155.0,61.0
123.0,79.0
218.0,299.0
9.000000, 1.000000, 0.000000, 8.000000, 2.000000, 3.000000, 15.000000, 6.000000, 7.000000, 10.000000, 5.000000, 14.000000, 12.000000, 13.000000, 4.000000, 11.000000
6.000000, 4.000000, 7.000000, 10.000000, 11.000000, 8.000000, 0.000000, 13.000000, 1.000000, 9.000000, 5.000000, 14.000000, 12.000000, 2.000000, 3.000000, 15.000000
10.000000, 6.000000, 15.000000, 3.000000, 2.000000, 8.000000, 0.000000, 13.000000, 12.000000, 14.000000, 1.000000, 9.000000, 5.000000, 11.000000, 4.000000, 7.000000
12.000000, 2.000000, 2.000000, 8.000000, 8.000000, 2.000000, 8.000000, 0.000000, 0.000000, 2.000000, 2.000000, 2.000000, 13.000000, 13.000000, 13.000000, 0.000000
271.0,77.0
298.0,256.0
194.0,188.0
196.0,183.0
289.0,200.0
247.0,132.0
277.0,140.0
201.0,264.0
76.0,139.0
136.0,101.0
84.0,278.0
147.0,213.0
299.0,249.0
54.0,2.0
23.0,52.0
21.0,16.0
280.0,129.0
230.0,263.0
25.0,143.0
113.0,111.0
273.0,88.0
11.000000, 19.000000, 9.000000, 13.000000, 15.000000, 14.000000, 18.000000, 8.000000, 10.000000, 1.000000, 12.000000, 6.000000, 16.000000, 20.000000, 0.000000, 5.000000, 3.000000, 2.000000, 4.000000, 17.000000, 7.000000
11.000000, 7.000000, 2.000000, 3.000000, 5.000000, 6.000000, 16.000000, 20.000000, 0.000000, 13.000000, 15.000000, 14.000000, 18.000000, 8.000000, 10.000000, 17.000000, 1.000000, 12.000000, 4.000000, 9.000000, 19.000000
5.000000, 6.000000, 16.000000, 20.000000, 0.000000, 4.000000, 12.000000, 1.000000, 17.000000, 7.000000, 11.000000, 2.000000, 3.000000, 10.000000, 18.000000, 14.000000, 15.000000, 13.000000, 8.000000, 19.000000, 9.000000
2.000000, 3.000000, 4.000000, 20.000000, 20.000000, 16.000000, 16.000000, 16.000000, 4.000000, 4.000000, 3.000000, 19.000000, 8.000000, 18.000000, 18.000000, 2.000000, 2.000000, 11.000000, 7.000000, 2.000000, 11.000000
147.0,77.0
137.0,215.0
141.0,156.0
119.0,204.0
101.0,168.0
130.0,77.0
221.0,77.0
156.0,168.0
76.0,122.0
265.0,17.0
0.0,95.0
282.0,4.0
289.0,279.0
198.0,106.0
249.0,259.0
185.0,283.0
158.0,160.0
230.0,288.0
176.0,135.0
216.0,284.0
122.0,43.0
202.0,233.0
181.0,201.0
16.0,180.0
234.0,268.0
178.0,133.0
16.000000, 18.000000, 25.000000, 13.000000, 0.000000, 5.000000, 3.000000, 1.000000, 22.000000, 21.000000, 24.000000, 14.000000, 12.000000, 17.000000, 19.000000, 15.000000, 7.000000, 6.000000, 9.000000, 11.000000, 20.000000, 10.000000, 23.000000, 8.000000, 4.000000, 2.000000
4.000000, 9.000000, 11.000000, 6.000000, 13.000000, 2.000000, 7.000000, 16.000000, 18.000000, 25.000000, 0.000000, 5.000000, 20.000000, 8.000000, 10.000000, 23.000000, 22.000000, 21.000000, 24.000000, 14.000000, 12.000000, 17.000000, 19.000000, 15.000000, 1.000000, 3.000000
2.000000, 18.000000, 25.000000, 13.000000, 6.000000, 9.000000, 11.000000, 0.000000, 5.000000, 20.000000, 8.000000, 4.000000, 3.000000, 1.000000, 22.000000, 21.000000, 24.000000, 14.000000, 17.000000, 19.000000, 15.000000, 12.000000, 7.000000, 16.000000, 23.000000, 10.000000
18.000000, 16.000000, 5.000000, 25.000000, 7.000000, 21.000000, 21.000000, 7.000000, 16.000000, 18.000000, 2.000000, 19.000000, 19.000000, 21.000000, 22.000000, 22.000000, 2.000000, 2.000000, 21.000000, 1.000000, 1.000000, 4.000000, 25.000000, 5.000000, 8.000000, 18.000000
295.0,37.0
167.0,62.0
172.0,225.0
63.0,265.0
285.0,76.0
14.0,163.0
187.0,185.0
220.0,43.0
60.0,63.0
126.0,212.0
153.0,106.0
151.0,171.0
99.0,274.0
56.0,171.0
88.0,65.0
4.0,284.0
160.0,27.0
50.0,10.0
296.0,88.0
280.0,3.0
163.0,189.0
86.0,126.0
6.0,31.0
117.0,176.0
230.0,1.0
259.0,280.0
226.0,236.0
8.0,22.0
260.0,58.0
209.0,191.0
138.0,161.0
2.000000, 6.000000, 29.000000, 18.000000, 4.000000, 14.000000, 17.000000, 27.000000, 22.000000, 8.000000, 5.000000, 15.000000, 3.000000, 12.000000, 30.000000, 10.000000, 16.000000, 24.000000, 19.000000, 0.000000, 28.000000, 7.000000, 1.000000, 26.000000, 25.000000, 9.000000, 23.000000, 13.000000, 21.000000, 11.000000, 20.000000
21.000000, 14.000000, 10.000000, 1.000000, 16.000000, 7.000000, 28.000000, 4.000000, 18.000000, 25.000000, 26.000000, 2.000000, 12.000000, 9.000000, 23.000000, 30.000000, 11.000000, 20.000000, 6.000000, 29.000000, 0.000000, 19.000000, 24.000000, 17.000000, 27.000000, 22.000000, 8.000000, 5.000000, 15.000000, 3.000000, 13.000000
17.000000, 27.000000, 22.000000, 8.000000, 14.000000, 7.000000, 28.000000, 4.000000, 18.000000, 0.000000, 19.000000, 24.000000, 30.000000, 23.000000, 9.000000, 6.000000, 29.000000, 26.000000, 25.000000, 2.000000, 20.000000, 11.000000, 10.000000, 1.000000, 16.000000, 21.000000, 13.000000, 5.000000, 15.000000, 3.000000, 12.000000
30.000000, 2.000000, 6.000000, 23.000000, 30.000000, 0.000000, 1.000000, 17.000000, 16.000000, 20.000000, 30.000000, 30.000000, 30.000000, 13.000000, 23.000000, 6.000000, 20.000000, 6.000000, 1.000000, 1.000000, 14.000000, 21.000000, 21.000000, 23.000000, 21.000000, 30.000000, 23.000000, 6.000000, 11.000000, 30.000000, 8.000000
67.0,188.0
236.0,199.0
113.0,246.0
255.0,135.0
271.0,205.0
47.0,190.0
278.0,143.0
16.0,91.0
29.0,185.0
152.0,153.0
280.0,249.0
184.0,14.0
253.0,17.0
229.0,189.0
248.0,220.0
19.0,262.0
190.0,289.0
128.0,99.0
165.0,72.0
52.0,130.0
223.0,145.0
244.0,164.0
260.0,92.0
154.0,293.0
149.0,122.0
185.0,110.0
263.0,31.0
274.0,273.0
13.0,129.0
247.0,117.0
196.0,214.0
192.0,180.0
297.0,239.0
116.0,82.0
144.0,15.0
117.0,177.0
35.000000, 0.000000, 5.000000, 19.000000, 33.000000, 18.000000, 12.000000, 26.000000, 22.000000, 29.000000, 11.000000, 34.000000, 7.000000, 28.000000, 8.000000, 15.000000, 2.000000, 23.000000, 16.000000, 27.000000, 10.000000, 32.000000, 4.000000, 14.000000, 1.000000, 13.000000, 31.000000, 9.000000, 24.000000, 17.000000, 25.000000, 20.000000, 3.000000, 6.000000, 21.000000, 30.000000
26.000000, 12.000000, 25.000000, 9.000000, 35.000000, 31.000000, 30.000000, 2.000000, 15.000000, 0.000000, 5.000000, 8.000000, 28.000000, 7.000000, 19.000000, 33.000000, 17.000000, 24.000000, 18.000000, 34.000000, 11.000000, 29.000000, 3.000000, 20.000000, 21.000000, 13.000000, 1.000000, 23.000000, 16.000000, 27.000000, 10.000000, 32.000000, 14.000000, 4.000000, 6.000000, 22.000000
0.000000, 5.000000, 8.000000, 28.000000, 7.000000, 19.000000, 15.000000, 31.000000, 30.000000, 3.000000, 29.000000, 26.000000, 12.000000, 11.000000, 34.000000, 22.000000, 6.000000, 35.000000, 9.000000, 24.000000, 17.000000, 33.000000, 18.000000, 25.000000, 20.000000, 21.000000, 13.000000, 1.000000, 14.000000, 4.000000, 32.000000, 10.000000, 27.000000, 16.000000, 23.000000, 2.000000
4.000000, 21.000000, 25.000000, 25.000000, 13.000000, 14.000000, 30.000000, 13.000000, 1.000000, 21.000000, 3.000000, 3.000000, 6.000000, 33.000000, 21.000000, 1.000000, 13.000000, 1.000000, 1.000000, 30.000000, 13.000000, 21.000000, 16.000000, 30.000000, 31.000000, 31.000000, 24.000000, 18.000000, 33.000000, 7.000000, 7.000000, 35.000000, 24.000000, 29.000000, 25.000000, 1.000000
166.0,144.0
213.0,225.0
65.0,4.0
296.0,200.0
11.0,152.0
240.0,68.0
95.0,283.0
3.0,94.0
241.0,257.0
211.0,213.0
249.0,126.0
55.0,297.0
12.0,15.0
92.0,30.0
127.0,93.0
290.0,60.0
139.0,0.0
35.0,276.0
83.0,225.0
178.0,218.0
59.0,108.0
6.0,267.0
245.0,165.0
274.0,145.0
36.0,150.0
9.0,53.0
193.0,46.0
51.0,21.0
52.0,293.0
78.0,288.0
271.0,293.0
235.0,131.0
48.0,85.0
193.0,6.0
58.0,36.0
229.0,108.0
114.0,229.0
249.0,273.0
78.0,83.0
138.0,34.0
121.0,124.0
19.000000, 1.000000, 9.000000, 0.000000, 26.000000, 5.000000, 35.000000, 31.000000, 10.000000, 23.000000, 22.000000, 36.000000, 6.000000, 29.000000, 18.000000, 20.000000, 32.000000, 24.000000, 11.000000, 28.000000, 17.000000, 21.000000, 4.000000, 7.000000, 25.000000, 38.000000, 8.000000, 37.000000, 30.000000, 3.000000, 15.000000, 33.000000, 16.000000, 39.000000, 13.000000, 2.000000, 12.000000, 27.000000, 34.000000, 14.000000, 40.000000
2.000000, 13.000000, 16.000000, 39.000000, 14.000000, 28.000000, 11.000000, 29.000000, 6.000000, 19.000000, 9.000000, 22.000000, 3.000000, 23.000000, 31.000000, 10.000000, 15.000000, 5.000000, 35.000000, 0.000000, 1.000000, 8.000000, 37.000000, 30.000000, 36.000000, 4.000000, 7.000000, 25.000000, 38.000000, 33.000000, 26.000000, 40.000000, 18.000000, 17.000000, 21.000000, 24.000000, 20.000000, 32.000000, 34.000000, 27.000000, 12.000000
39.000000, 16.000000, 13.000000, 34.000000, 27.000000, 2.000000, 12.000000, 25.000000, 7.000000, 4.000000, 24.000000, 20.000000, 32.000000, 38.000000, 14.000000, 40.000000, 0.000000, 31.000000, 10.000000, 35.000000, 5.000000, 15.000000, 23.000000, 22.000000, 9.000000, 1.000000, 19.000000, 36.000000, 18.000000, 6.000000, 29.000000, 11.000000, 28.000000, 17.000000, 21.000000, 8.000000, 37.000000, 30.000000, 3.000000, 33.000000, 26.000000
4.000000, 38.000000, 10.000000, 19.000000, 19.000000, 19.000000, 31.000000, 40.000000, 0.000000, 40.000000, 26.000000, 22.000000, 23.000000, 23.000000, 9.000000, 8.000000, 6.000000, 11.000000, 34.000000, 2.000000, 39.000000, 14.000000, 38.000000, 40.000000, 38.000000, 38.000000, 0.000000, 22.000000, 37.000000, 31.000000, 16.000000, 34.000000, 24.000000, 20.000000, 20.000000, 35.000000, 19.000000, 22.000000, 19.000000, 9.000000, 36.000000
188.0,225.0
236.0,249.0
148.0,141.0
194.0,271.0
289.0,67.0
198.0,86.0
25.0,13.0
14.0,64.0
199.0,223.0
255.0,266.0
246.0,115.0
283.0,114.0
135.0,30.0
92.0,93.0
225.0,223.0
237.0,235.0
138.0,41.0
220.0,118.0
28.0,29.0
82.0,158.0
13.0,62.0
152.0,134.0
173.0,104.0
207.0,204.0
215.0,97.0
218.0,11.0
219.0,155.0
123.0,54.0
135.0,163.0
168.0,254.0
16.0,19.0
293.0,41.0
140.0,90.0
196.0,41.0
218.0,141.0
183.0,235.0
115.0,143.0
114.0,145.0
136.0,238.0
173.0,204.0
5.0,33.0
27.0,80.0
228.0,153.0
10.0,138.0
63.0,84.0
297.0,99.0
43.000000, 19.000000, 28.000000, 39.000000, 0.000000, 8.000000, 23.000000, 22.000000, 5.000000, 24.000000, 17.000000, 34.000000, 26.000000, 42.000000, 10.000000, 11.000000, 45.000000, 4.000000, 31.000000, 25.000000, 33.000000, 27.000000, 20.000000, 7.000000, 41.000000, 38.000000, 29.000000, 3.000000, 35.000000, 2.000000, 21.000000, 32.000000, 16.000000, 12.000000, 18.000000, 6.000000, 30.000000, 40.000000, 14.000000, 15.000000, 9.000000, 1.000000, 37.000000, 36.000000, 13.000000, 44.000000
38.000000, 8.000000, 14.000000, 15.000000, 1.000000, 9.000000, 3.000000, 29.000000, 35.000000, 0.000000, 2.000000, 32.000000, 16.000000, 27.000000, 36.000000, 37.000000, 28.000000, 39.000000, 23.000000, 24.000000, 5.000000, 22.000000, 21.000000, 26.000000, 42.000000, 34.000000, 17.000000, 10.000000, 11.000000, 45.000000, 4.000000, 31.000000, 13.000000, 44.000000, 41.000000, 7.000000, 33.000000, 25.000000, 12.000000, 18.000000, 6.000000, 30.000000, 40.000000, 20.000000, 43.000000, 19.000000
2.000000, 21.000000, 22.000000, 5.000000, 24.000000, 17.000000, 34.000000, 26.000000, 42.000000, 10.000000, 11.000000, 45.000000, 4.000000, 31.000000, 25.000000, 33.000000, 16.000000, 12.000000, 27.000000, 32.000000, 13.000000, 44.000000, 41.000000, 7.000000, 20.000000, 40.000000, 30.000000, 6.000000, 18.000000, 43.000000, 19.000000, 37.000000, 36.000000, 28.000000, 35.000000, 0.000000, 8.000000, 23.000000, 14.000000, 15.000000, 1.000000, 9.000000, 3.000000, 29.000000, 38.000000, 39.000000
37.000000, 2.000000, 36.000000, 21.000000, 26.000000, 11.000000, 1.000000, 8.000000, 8.000000, 45.000000, 45.000000, 42.000000, 25.000000, 5.000000, 21.000000, 36.000000, 34.000000, 34.000000, 4.000000, 17.000000, 22.000000, 37.000000, 34.000000, 2.000000, 36.000000, 21.000000, 22.000000, 28.000000, 28.000000, 29.000000, 19.000000, 32.000000, 22.000000, 24.000000, 17.000000, 15.000000, 28.000000, 35.000000, 0.000000, 19.000000, 32.000000, 28.000000, 24.000000, 17.000000, 8.000000, 8.000000
96.0,261.0
108.0,255.0
298.0,86.0
253.0,25.0
31.0,152.0
251.0,72.0
126.0,27.0
145.0,81.0
24.0,281.0
168.0,100.0
188.0,299.0
89.0,212.0
208.0,44.0
15.0,41.0
161.0,282.0
216.0,180.0
264.0,166.0
50.0,102.0
239.0,204.0
181.0,284.0
181.0,227.0
238.0,171.0
265.0,219.0
255.0,213.0
274.0,252.0
216.0,14.0
256.0,184.0
118.0,6.0
114.0,22.0
50.0,107.0
106.0,94.0
247.0,223.0
237.0,41.0
225.0,9.0
8.0,297.0
238.0,273.0
12.0,218.0
211.0,159.0
201.0,267.0
166.0,80.0
223.0,292.0
180.0,231.0
86.0,78.0
274.0,239.0
288.0,42.0
186.0,18.0
117.0,51.0
40.0,199.0
167.0,246.0
30.0,158.0
116.0,28.0
29.000000, 47.000000, 11.000000, 41.000000, 20.000000, 15.000000, 12.000000, 25.000000, 33.000000, 3.000000, 44.000000, 2.000000, 5.000000, 32.000000, 9.000000, 37.000000, 21.000000, 16.000000, 26.000000, 18.000000, 40.000000, 10.000000, 19.000000, 14.000000, 31.000000, 23.000000, 22.000000, 43.000000, 24.000000, 35.000000, 38.000000, 48.000000, 1.000000, 0.000000, 8.000000, 34.000000, 36.000000, 49.000000, 4.000000, 30.000000, 7.000000, 39.000000, 45.000000, 6.000000, 27.000000, 28.000000, 50.000000, 46.000000, 42.000000, 13.000000, 17.000000
46.000000, 6.000000, 50.000000, 28.000000, 27.000000, 45.000000, 25.000000, 12.000000, 37.000000, 20.000000, 41.000000, 15.000000, 16.000000, 2.000000, 44.000000, 3.000000, 33.000000, 32.000000, 5.000000, 38.000000, 19.000000, 48.000000, 11.000000, 29.000000, 4.000000, 49.000000, 47.000000, 36.000000, 1.000000, 0.000000, 8.000000, 34.000000, 14.000000, 10.000000, 40.000000, 35.000000, 24.000000, 43.000000, 22.000000, 23.000000, 31.000000, 18.000000, 26.000000, 21.000000, 9.000000, 39.000000, 7.000000, 30.000000, 42.000000, 17.000000, 13.000000
26.000000, 16.000000, 18.000000, 23.000000, 22.000000, 31.000000, 43.000000, 24.000000, 35.000000, 40.000000, 38.000000, 19.000000, 10.000000, 14.000000, 48.000000, 41.000000, 20.000000, 15.000000, 37.000000, 21.000000, 5.000000, 44.000000, 2.000000, 8.000000, 34.000000, 0.000000, 1.000000, 11.000000, 47.000000, 36.000000, 49.000000, 4.000000, 29.000000, 17.000000, 13.000000, 27.000000, 28.000000, 50.000000, 6.000000, 46.000000, 7.000000, 39.000000, 9.000000, 12.000000, 32.000000, 3.000000, 33.000000, 25.000000, 45.000000, 42.000000, 30.000000
5.000000, 18.000000, 16.000000, 31.000000, 16.000000, 21.000000, 23.000000, 48.000000, 49.000000, 38.000000, 20.000000, 0.000000, 20.000000, 3.000000, 18.000000, 26.000000, 22.000000, 31.000000, 22.000000, 35.000000, 9.000000, 32.000000, 21.000000, 42.000000, 30.000000, 41.000000, 24.000000, 43.000000, 20.000000, 20.000000, 1.000000, 20.000000, 38.000000, 31.000000, 23.000000, 20.000000, 16.000000, 7.000000, 21.000000, 21.000000, 37.000000, 18.000000, 45.000000, 32.000000, 3.000000, 26.000000, 26.000000, 23.000000, 2.000000, 5.000000, 44.000000
179.0,287.0
134.0,132.0
3.0,187.0
269.0,118.0
58.0,229.0
42.0,107.0
222.0,138.0
95.0,5.0
177.0,182.0
241.0,159.0
126.0,20.0
247.0,267.0
215.0,145.0
120.0,52.0
163.0,45.0
57.0,49.0
147.0,276.0
153.0,251.0
57.0,125.0
55.0,147.0
288.0,74.0
170.0,168.0
232.0,287.0
205.0,280.0
123.0,136.0
90.0,205.0
106.0,82.0
201.0,228.0
230.0,85.0
182.0,222.0
207.0,41.0
263.0,20.0
219.0,167.0
221.0,69.0
176.0,32.0
114.0,278.0
82.0,61.0
135.0,129.0
128.0,170.0
268.0,219.0
206.0,189.0
165.0,93.0
105.0,102.0
186.0,162.0
65.0,234.0
175.0,192.0
248.0,256.0
189.0,208.0
243.0,260.0
216.0,64.0
256.0,27.0
41.0,264.0
135.0,40.0
109.0,176.0
146.0,150.0
161.0,66.0
27.000000, 29.000000, 17.000000, 16.000000, 0.000000, 23.000000, 47.000000, 40.000000, 45.000000, 38.000000, 25.000000, 53.000000, 41.000000, 33.000000, 49.000000, 14.000000, 13.000000, 36.000000, 15.000000, 7.000000, 10.000000, 52.000000, 34.000000, 30.000000, 28.000000, 6.000000, 12.000000, 42.000000, 26.000000, 55.000000, 50.000000, 31.000000, 20.000000, 3.000000, 9.000000, 39.000000, 32.000000, 43.000000, 8.000000, 21.000000, 54.000000, 37.000000, 1.000000, 24.000000, 5.000000, 18.000000, 19.000000, 2.000000, 4.000000, 44.000000, 51.000000, 35.000000, 22.000000, 11.000000, 48.000000, 46.000000
23.000000, 0.000000, 17.000000, 38.000000, 42.000000, 26.000000, 36.000000, 13.000000, 10.000000, 7.000000, 15.000000, 5.000000, 18.000000, 19.000000, 52.000000, 14.000000, 34.000000, 30.000000, 50.000000, 31.000000, 20.000000, 3.000000, 6.000000, 12.000000, 9.000000, 39.000000, 46.000000, 48.000000, 40.000000, 32.000000, 28.000000, 33.000000, 49.000000, 55.000000, 41.000000, 43.000000, 8.000000, 21.000000, 54.000000, 37.000000, 1.000000, 24.000000, 53.000000, 25.000000, 44.000000, 4.000000, 2.000000, 51.000000, 35.000000, 16.000000, 29.000000, 45.000000, 47.000000, 27.000000, 11.000000, 22.000000
14.000000, 34.000000, 55.000000, 42.000000, 36.000000, 15.000000, 7.000000, 10.000000, 52.000000, 13.000000, 26.000000, 19.000000, 18.000000, 5.000000, 2.000000, 53.000000, 25.000000, 44.000000, 4.000000, 51.000000, 35.000000, 16.000000, 17.000000, 0.000000, 23.000000, 22.000000, 11.000000, 48.000000, 46.000000, 39.000000, 9.000000, 32.000000, 12.000000, 6.000000, 43.000000, 21.000000, 8.000000, 45.000000, 47.000000, 29.000000, 27.000000, 40.000000, 54.000000, 1.000000, 37.000000, 24.000000, 38.000000, 3.000000, 20.000000, 50.000000, 31.000000, 30.000000, 49.000000, 33.000000, 28.000000, 41.000000
43.000000, 21.000000, 40.000000, 54.000000, 21.000000, 16.000000, 51.000000, 46.000000, 29.000000, 35.000000, 44.000000, 24.000000, 12.000000, 39.000000, 27.000000, 45.000000, 45.000000, 40.000000, 22.000000, 29.000000, 43.000000, 9.000000, 39.000000, 31.000000, 34.000000, 34.000000, 14.000000, 55.000000, 28.000000, 47.000000, 8.000000, 27.000000, 51.000000, 53.000000, 37.000000, 37.000000, 40.000000, 48.000000, 45.000000, 40.000000, 9.000000, 26.000000, 7.000000, 20.000000, 29.000000, 11.000000, 46.000000, 16.000000, 17.000000, 27.000000, 27.000000, 14.000000, 36.000000, 8.000000, 24.000000, 37.000000
219.0,273.0
228.0,58.0
268.0,98.0
115.0,271.0
248.0,28.0
208.0,266.0
192.0,95.0
298.0,230.0
46.0,54.0
74.0,29.0
296.0,181.0
64.0,111.0
90.0,157.0
292.0,158.0
230.0,114.0
177.0,111.0
8.0,59.0
219.0,143.0
145.0,106.0
247.0,201.0
20.0,98.0
127.0,20.0
182.0,15.0
229.0,165.0
295.0,277.0
184.0,15.0
186.0,274.0
198.0,139.0
87.0,206.0
75.0,54.0
97.0,281.0
123.0,54.0
275.0,56.0
74.0,230.0
112.0,288.0
272.0,227.0
26.0,128.0
203.0,216.0
4.0,221.0
146.0,192.0
124.0,201.0
182.0,112.0
64.0,222.0
168.0,263.0
264.0,169.0
185.0,291.0
78.0,284.0
157.0,279.0
271.0,296.0
155.0,218.0
133.0,167.0
7.0,44.0
27.0,133.0
1.0,38.0
208.0,62.0
58.0,12.0
224.0,10.0
190.0,100.0
101.0,93.0
21.0,62.0
14.0,270.0
60.000000, 33.000000, 46.000000, 30.000000, 34.000000, 3.000000, 14.000000, 1.000000, 4.000000, 32.000000, 2.000000, 13.000000, 10.000000, 7.000000, 35.000000, 19.000000, 12.000000, 52.000000, 42.000000, 28.000000, 40.000000, 54.000000, 56.000000, 25.000000, 22.000000, 18.000000, 50.000000, 39.000000, 49.000000, 43.000000, 47.000000, 45.000000, 26.000000, 37.000000, 23.000000, 27.000000, 31.000000, 8.000000, 59.000000, 51.000000, 53.000000, 16.000000, 5.000000, 0.000000, 48.000000, 24.000000, 44.000000, 17.000000, 41.000000, 15.000000, 57.000000, 6.000000, 21.000000, 55.000000, 9.000000, 29.000000, 58.000000, 11.000000, 20.000000, 36.000000, 38.000000
0.000000, 23.000000, 17.000000, 41.000000, 57.000000, 6.000000, 14.000000, 2.000000, 32.000000, 1.000000, 18.000000, 58.000000, 8.000000, 59.000000, 11.000000, 27.000000, 44.000000, 13.000000, 10.000000, 7.000000, 35.000000, 19.000000, 37.000000, 39.000000, 50.000000, 15.000000, 54.000000, 4.000000, 56.000000, 25.000000, 3.000000, 30.000000, 46.000000, 34.000000, 47.000000, 26.000000, 45.000000, 48.000000, 24.000000, 52.000000, 36.000000, 20.000000, 29.000000, 31.000000, 22.000000, 21.000000, 9.000000, 55.000000, 53.000000, 51.000000, 16.000000, 38.000000, 60.000000, 42.000000, 33.000000, 28.000000, 12.000000, 40.000000, 49.000000, 43.000000, 5.000000
41.000000, 15.000000, 57.000000, 6.000000, 54.000000, 1.000000, 4.000000, 56.000000, 25.000000, 22.000000, 21.000000, 31.000000, 58.000000, 11.000000, 36.000000, 52.000000, 20.000000, 59.000000, 16.000000, 51.000000, 53.000000, 8.000000, 29.000000, 9.000000, 55.000000, 18.000000, 50.000000, 39.000000, 40.000000, 49.000000, 28.000000, 33.000000, 42.000000, 38.000000, 60.000000, 46.000000, 30.000000, 34.000000, 3.000000, 47.000000, 43.000000, 26.000000, 45.000000, 5.000000, 0.000000, 37.000000, 19.000000, 35.000000, 7.000000, 24.000000, 48.000000, 10.000000, 13.000000, 44.000000, 23.000000, 17.000000, 27.000000, 12.000000, 32.000000, 2.000000, 14.000000
0.000000, 47.000000, 43.000000, 30.000000, 39.000000, 41.000000, 49.000000, 47.000000, 18.000000, 52.000000, 4.000000, 14.000000, 23.000000, 37.000000, 19.000000, 44.000000, 48.000000, 43.000000, 47.000000, 46.000000, 42.000000, 39.000000, 39.000000, 44.000000, 13.000000, 40.000000, 27.000000, 44.000000, 39.000000, 27.000000, 18.000000, 50.000000, 28.000000, 28.000000, 46.000000, 60.000000, 52.000000, 11.000000, 51.000000, 8.000000, 27.000000, 8.000000, 58.000000, 18.000000, 20.000000, 52.000000, 57.000000, 6.000000, 9.000000, 11.000000, 36.000000, 18.000000, 15.000000, 39.000000, 5.000000, 36.000000, 20.000000, 15.000000, 27.000000, 22.000000, 19.000000
170.0,36.0
54.0,65.0
130.0,85.0
148.0,132.0
66.0,58.0
29.0,134.0
127.0,121.0
196.0,160.0
4.0,137.0
263.0,142.0
15.0,244.0
108.0,171.0
275.0,191.0
166.0,143.0
224.0,136.0
208.0,185.0
98.0,198.0
100.0,122.0
217.0,150.0
102.0,289.0
158.0,137.0
80.0,84.0
268.0,219.0
14.0,8.0
70.0,2.0
127.0,41.0
261.0,36.0
78.0,68.0
246.0,95.0
144.0,22.0
40.0,67.0
11.0,226.0
68.0,243.0
159.0,152.0
66.0,92.0
281.0,195.0
65.0,140.0
33.0,260.0
92.0,290.0
134.0,168.0
184.0,56.0
154.0,55.0
74.0,166.0
88.0,247.0
273.0,214.0
261.0,217.0
81.0,129.0
205.0,119.0
291.0,63.0
131.0,87.0
29.0,244.0
286.0,80.0
38.0,83.0
127.0,255.0
283.0,169.0
49.0,65.0
77.0,255.0
11.0,296.0
91.0,60.0
192.0,71.0
269.0,206.0
2.0,216.0
211.0,284.0
224.0,149.0
248.0,58.0
279.0,11.0
22.000000, 44.000000, 35.000000, 12.000000, 60.000000, 45.000000, 62.000000, 53.000000, 11.000000, 16.000000, 43.000000, 32.000000, 56.000000, 19.000000, 38.000000, 57.000000, 37.000000, 50.000000, 10.000000, 5.000000, 52.000000, 30.000000, 8.000000, 61.000000, 31.000000, 42.000000, 47.000000, 14.000000, 9.000000, 54.000000, 51.000000, 48.000000, 28.000000, 63.000000, 18.000000, 7.000000, 33.000000, 13.000000, 20.000000, 3.000000, 6.000000, 17.000000, 34.000000, 21.000000, 27.000000, 2.000000, 49.000000, 40.000000, 59.000000, 64.000000, 26.000000, 65.000000, 24.000000, 23.000000, 55.000000, 1.000000, 4.000000, 58.000000, 41.000000, 0.000000, 29.000000, 25.000000, 46.000000, 36.000000, 39.000000, 15.000000
23.000000, 1.000000, 4.000000, 27.000000, 58.000000, 64.000000, 28.000000, 35.000000, 60.000000, 44.000000, 22.000000, 45.000000, 62.000000, 37.000000, 10.000000, 50.000000, 16.000000, 11.000000, 39.000000, 6.000000, 21.000000, 34.000000, 55.000000, 30.000000, 52.000000, 5.000000, 8.000000, 61.000000, 31.000000, 57.000000, 38.000000, 19.000000, 53.000000, 43.000000, 56.000000, 32.000000, 42.000000, 36.000000, 46.000000, 17.000000, 2.000000, 49.000000, 3.000000, 20.000000, 13.000000, 59.000000, 41.000000, 25.000000, 29.000000, 0.000000, 40.000000, 47.000000, 14.000000, 63.000000, 18.000000, 7.000000, 33.000000, 15.000000, 12.000000, 54.000000, 9.000000, 51.000000, 48.000000, 65.000000, 26.000000, 24.000000
31.000000, 61.000000, 8.000000, 5.000000, 52.000000, 30.000000, 55.000000, 1.000000, 4.000000, 27.000000, 58.000000, 21.000000, 34.000000, 46.000000, 36.000000, 42.000000, 11.000000, 39.000000, 33.000000, 13.000000, 20.000000, 3.000000, 6.000000, 17.000000, 49.000000, 2.000000, 41.000000, 0.000000, 40.000000, 59.000000, 47.000000, 14.000000, 63.000000, 18.000000, 7.000000, 15.000000, 45.000000, 22.000000, 44.000000, 60.000000, 54.000000, 12.000000, 35.000000, 9.000000, 28.000000, 64.000000, 26.000000, 65.000000, 48.000000, 51.000000, 29.000000, 25.000000, 24.000000, 23.000000, 16.000000, 43.000000, 56.000000, 32.000000, 37.000000, 50.000000, 10.000000, 57.000000, 62.000000, 53.000000, 38.000000, 19.000000
51.000000, 9.000000, 13.000000, 33.000000, 11.000000, 53.000000, 41.000000, 29.000000, 24.000000, 21.000000, 27.000000, 49.000000, 48.000000, 12.000000, 22.000000, 35.000000, 28.000000, 28.000000, 17.000000, 46.000000, 32.000000, 47.000000, 46.000000, 7.000000, 20.000000, 63.000000, 18.000000, 7.000000, 21.000000, 21.000000, 4.000000, 40.000000, 29.000000, 13.000000, 7.000000, 3.000000, 3.000000, 7.000000, 27.000000, 58.000000, 34.000000, 16.000000, 47.000000, 9.000000, 7.000000, 41.000000, 17.000000, 21.000000, 25.000000, 27.000000, 34.000000, 41.000000, 18.000000, 14.000000, 47.000000, 26.000000, 26.000000, 6.000000, 2.000000, 20.000000, 8.000000, 46.000000, 33.000000, 40.000000, 46.000000, 46.000000
28.0,177.0
71.0,218.0
118.0,259.0
123.0,19.0
103.0,33.0
14.0,47.0
60.0,44.0
85.0,172.0
274.0,167.0
59.0,77.0
93.0,253.0
120.0,243.0
54.0,277.0
176.0,183.0
237.0,214.0
15.0,127.0
60.0,89.0
59.0,155.0
199.0,160.0
177.0,25.0
260.0,37.0
114.0,61.0
109.0,260.0
141.0,245.0
6.0,66.0
50.0,128.0
81.0,51.0
121.0,257.0
144.0,95.0
180.0,173.0
248.0,205.0
27.0,203.0
220.0,180.0
18.0,177.0
162.0,16.0
186.0,228.0
108.0,45.0
286.0,175.0
292.0,28.0
226.0,281.0
245.0,51.0
153.0,53.0
92.0,17.0
251.0,56.0
214.0,107.0
77.0,126.0
37.0,230.0
197.0,113.0
143.0,84.0
191.0,243.0
223.0,158.0
238.0,178.0
198.0,271.0
210.0,279.0
270.0,86.0
42.0,213.0
279.0,101.0
81.0,224.0
208.0,296.0
190.0,86.0
109.0,122.0
212.0,186.0
22.0,255.0
13.0,4.0
254.0,98.0
123.0,132.0
102.0,154.0
137.0,287.0
6.0,137.0
225.0,112.0
99.0,60.0
53.000000, 52.000000, 2.000000, 27.000000, 23.000000, 47.000000, 59.000000, 41.000000, 34.000000, 19.000000, 20.000000, 38.000000, 50.000000, 11.000000, 57.000000, 1.000000, 31.000000, 33.000000, 0.000000, 25.000000, 17.000000, 55.000000, 46.000000, 62.000000, 12.000000, 7.000000, 40.000000, 43.000000, 64.000000, 69.000000, 44.000000, 48.000000, 70.000000, 4.000000, 36.000000, 21.000000, 28.000000, 29.000000, 13.000000, 66.000000, 45.000000, 16.000000, 24.000000, 15.000000, 68.000000, 10.000000, 22.000000, 67.000000, 58.000000, 39.000000, 14.000000, 30.000000, 61.000000, 6.000000, 5.000000, 63.000000, 42.000000, 3.000000, 54.000000, 56.000000, 37.000000, 8.000000, 51.000000, 32.000000, 18.000000, 26.000000, 9.000000, 60.000000, 65.000000, 35.000000, 49.000000
50.000000, 51.000000, 8.000000, 37.000000, 30.000000, 14.000000, 39.000000, 58.000000, 53.000000, 52.000000, 61.000000, 32.000000, 18.000000, 66.000000, 7.000000, 55.000000, 46.000000, 1.000000, 57.000000, 17.000000, 4.000000, 42.000000, 3.000000, 34.000000, 19.000000, 41.000000, 21.000000, 36.000000, 70.000000, 9.000000, 15.000000, 68.000000, 33.000000, 0.000000, 31.000000, 62.000000, 12.000000, 10.000000, 11.000000, 23.000000, 27.000000, 2.000000, 22.000000, 67.000000, 49.000000, 35.000000, 25.000000, 24.000000, 5.000000, 63.000000, 6.000000, 26.000000, 48.000000, 59.000000, 56.000000, 54.000000, 38.000000, 20.000000, 43.000000, 40.000000, 28.000000, 16.000000, 45.000000, 60.000000, 65.000000, 13.000000, 29.000000, 47.000000, 44.000000, 69.000000, 64.000000
40.000000, 43.000000, 20.000000, 38.000000, 42.000000, 63.000000, 5.000000, 24.000000, 15.000000, 68.000000, 1.000000, 57.000000, 0.000000, 33.000000, 31.000000, 55.000000, 46.000000, 62.000000, 12.000000, 10.000000, 22.000000, 2.000000, 27.000000, 11.000000, 23.000000, 67.000000, 52.000000, 53.000000, 39.000000, 58.000000, 49.000000, 35.000000, 13.000000, 29.000000, 18.000000, 50.000000, 32.000000, 61.000000, 51.000000, 30.000000, 14.000000, 8.000000, 37.000000, 56.000000, 54.000000, 64.000000, 69.000000, 44.000000, 47.000000, 59.000000, 28.000000, 48.000000, 41.000000, 19.000000, 34.000000, 3.000000, 4.000000, 36.000000, 21.000000, 70.000000, 26.000000, 6.000000, 9.000000, 16.000000, 25.000000, 45.000000, 60.000000, 65.000000, 66.000000, 7.000000, 17.000000
49.000000, 35.000000, 31.000000, 7.000000, 17.000000, 26.000000, 26.000000, 29.000000, 10.000000, 60.000000, 42.000000, 36.000000, 19.000000, 34.000000, 23.000000, 29.000000, 13.000000, 61.000000, 33.000000, 10.000000, 47.000000, 45.000000, 31.000000, 29.000000, 7.000000, 66.000000, 23.000000, 18.000000, 61.000000, 21.000000, 7.000000, 66.000000, 60.000000, 26.000000, 60.000000, 7.000000, 23.000000, 58.000000, 1.000000, 66.000000, 32.000000, 49.000000, 35.000000, 35.000000, 22.000000, 29.000000, 29.000000, 61.000000, 69.000000, 21.000000, 41.000000, 42.000000, 28.000000, 48.000000, 4.000000, 40.000000, 59.000000, 69.000000, 19.000000, 13.000000, 10.000000, 0.000000, 48.000000, 6.000000, 51.000000, 30.000000, 10.000000, 18.000000, 14.000000, 62.000000, 22.000000
49.0,219.0
36.0,75.0
57.0,249.0
31.0,14.0
71.0,21.0
228.0,216.0
30.0,106.0
195.0,228.0
258.0,196.0
291.0,290.0
191.0,274.0
290.0,298.0
132.0,284.0
200.0,216.0
129.0,118.0
230.0,212.0
293.0,36.0
197.0,289.0
116.0,2.0
225.0,199.0
233.0,31.0
188.0,241.0
128.0,205.0
11.0,130.0
187.0,95.0
97.0,277.0
262.0,127.0
22.0,32.0
261.0,65.0
244.0,94.0
250.0,102.0
30.0,48.0
60.0,267.0
141.0,61.0
156.0,164.0
49.0,131.0
118.0,224.0
48.0,2.0
288.0,15.0
26.0,21.0
19.0,50.0
93.0,220.0
259.0,76.0
7.0,299.0
66.0,198.0
114.0,70.0
17.0,255.0
120.0,234.0
220.0,54.0
262.0,280.0
235.0,220.0
3.0,174.0
197.0,226.0
117.0,214.0
184.0,83.0
116.0,80.0
175.0,232.0
22.0,83.0
94.0,133.0
24.0,32.0
228.0,260.0
155.0,51.0
228.0,160.0
279.0,26.0
237.0,204.0
129.0,198.0
62.0,283.0
240.0,228.0
115.0,160.0
195.0,141.0
106.0,210.0
281.0,30.0
23.0,205.0
34.0,251.0
143.0,186.0
265.0,193.0
56.000000, 47.000000, 36.000000, 22.000000, 65.000000, 74.000000, 34.000000, 68.000000, 14.000000, 24.000000, 69.000000, 19.000000, 67.000000, 10.000000, 17.000000, 12.000000, 25.000000, 66.000000, 43.000000, 46.000000, 73.000000, 6.000000, 1.000000, 57.000000, 23.000000, 51.000000, 72.000000, 41.000000, 70.000000, 53.000000, 13.000000, 52.000000, 7.000000, 32.000000, 2.000000, 0.000000, 44.000000, 58.000000, 55.000000, 45.000000, 18.000000, 4.000000, 37.000000, 3.000000, 39.000000, 59.000000, 27.000000, 40.000000, 31.000000, 35.000000, 5.000000, 50.000000, 15.000000, 64.000000, 8.000000, 75.000000, 62.000000, 26.000000, 16.000000, 38.000000, 63.000000, 71.000000, 28.000000, 42.000000, 30.000000, 29.000000, 54.000000, 33.000000, 61.000000, 20.000000, 48.000000, 9.000000, 11.000000, 49.000000, 60.000000, 21.000000
27.000000, 59.000000, 1.000000, 35.000000, 58.000000, 49.000000, 9.000000, 11.000000, 17.000000, 10.000000, 47.000000, 36.000000, 56.000000, 19.000000, 62.000000, 54.000000, 61.000000, 33.000000, 18.000000, 48.000000, 20.000000, 28.000000, 42.000000, 29.000000, 41.000000, 32.000000, 66.000000, 25.000000, 12.000000, 60.000000, 67.000000, 26.000000, 30.000000, 71.000000, 63.000000, 38.000000, 16.000000, 75.000000, 8.000000, 50.000000, 52.000000, 7.000000, 21.000000, 74.000000, 34.000000, 69.000000, 24.000000, 68.000000, 44.000000, 0.000000, 2.000000, 73.000000, 43.000000, 46.000000, 72.000000, 51.000000, 23.000000, 6.000000, 57.000000, 40.000000, 31.000000, 45.000000, 55.000000, 14.000000, 65.000000, 22.000000, 70.000000, 53.000000, 13.000000, 5.000000, 15.000000, 64.000000, 4.000000, 37.000000, 3.000000, 39.000000
67.000000, 60.000000, 49.000000, 9.000000, 11.000000, 17.000000, 10.000000, 21.000000, 7.000000, 52.000000, 13.000000, 56.000000, 12.000000, 25.000000, 66.000000, 32.000000, 2.000000, 73.000000, 46.000000, 43.000000, 0.000000, 72.000000, 51.000000, 23.000000, 6.000000, 57.000000, 1.000000, 31.000000, 40.000000, 27.000000, 59.000000, 39.000000, 3.000000, 37.000000, 4.000000, 18.000000, 61.000000, 33.000000, 45.000000, 55.000000, 14.000000, 58.000000, 68.000000, 74.000000, 65.000000, 22.000000, 53.000000, 36.000000, 47.000000, 70.000000, 41.000000, 44.000000, 35.000000, 34.000000, 69.000000, 62.000000, 19.000000, 64.000000, 15.000000, 5.000000, 50.000000, 8.000000, 75.000000, 26.000000, 30.000000, 29.000000, 42.000000, 28.000000, 54.000000, 24.000000, 48.000000, 20.000000, 16.000000, 63.000000, 71.000000, 38.000000
24.000000, 24.000000, 48.000000, 28.000000, 24.000000, 53.000000, 65.000000, 31.000000, 57.000000, 40.000000, 8.000000, 75.000000, 34.000000, 48.000000, 68.000000, 19.000000, 33.000000, 68.000000, 14.000000, 14.000000, 74.000000, 69.000000, 40.000000, 40.000000, 36.000000, 1.000000, 59.000000, 35.000000, 58.000000, 48.000000, 1.000000, 14.000000, 61.000000, 68.000000, 68.000000, 14.000000, 48.000000, 54.000000, 67.000000, 52.000000, 59.000000, 3.000000, 14.000000, 22.000000, 25.000000, 47.000000, 58.000000, 44.000000, 24.000000, 62.000000, 50.000000, 72.000000, 43.000000, 43.000000, 68.000000, 22.000000, 56.000000, 13.000000, 34.000000, 53.000000, 19.000000, 41.000000, 41.000000, 32.000000, 66.000000, 14.000000, 57.000000, 6.000000, 51.000000, 32.000000, 0.000000, 18.000000, 57.000000, 68.000000, 55.000000, 54.000000
298.0,28.0
158.0,129.0
184.0,117.0
49.0,236.0
205.0,75.0
14.0,167.0
198.0,175.0
53.0,132.0
101.0,111.0
131.0,89.0
198.0,240.0
30.0,76.0
33.0,4.0
213.0,249.0
237.0,237.0
227.0,183.0
241.0,18.0
125.0,63.0
10.0,140.0
189.0,73.0
98.0,37.0
225.0,116.0
128.0,269.0
165.0,164.0
276.0,101.0
273.0,64.0
50.0,193.0
15.0,206.0
123.0,187.0
261.0,196.0
101.0,298.0
86.0,129.0
165.0,78.0
39.0,32.0
2.0,45.0
290.0,149.0
187.0,134.0
295.0,109.0
57.0,106.0
228.0,17.0
109.0,172.0
59.0,224.0
91.0,79.0
29.0,122.0
33.0,239.0
50.0,116.0
233.0,244.0
29.0,241.0
32.0,63.0
123.0,220.0
208.0,292.0
128.0,225.0
122.0,86.0
249.0,26.0
86.0,250.0
107.0,150.0
96.0,146.0
281.0,9.0
87.0,64.0
79.0,135.0
29.0,127.0
21.0,219.0
219.0,268.0
151.0,248.0
19.0,247.0
189.0,67.0
28.0,261.0
202.0,136.0
57.0,56.0
145.0,131.0
147.0,10.0
293.0,8.0
16.0,295.0
144.0,63.0
5.0,106.0
19.0,117.0
52.0,213.0
64.0,208.0
211.0,224.0
225.0,106.0
206.0,84.0
11.000000, 48.000000, 68.000000, 58.000000, 33.000000, 12.000000, 34.000000, 74.000000, 75.000000, 43.000000, 7.000000, 56.000000, 55.000000, 1.000000, 36.000000, 67.000000, 21.000000, 15.000000, 29.000000, 35.000000, 37.000000, 24.000000, 25.000000, 79.000000, 28.000000, 54.000000, 72.000000, 30.000000, 22.000000, 63.000000, 51.000000, 49.000000, 41.000000, 3.000000, 66.000000, 64.000000, 47.000000, 59.000000, 20.000000, 70.000000, 4.000000, 80.000000, 2.000000, 40.000000, 26.000000, 77.000000, 76.000000, 44.000000, 61.000000, 27.000000, 5.000000, 18.000000, 60.000000, 45.000000, 42.000000, 17.000000, 73.000000, 32.000000, 19.000000, 65.000000, 39.000000, 16.000000, 53.000000, 57.000000, 71.000000, 0.000000, 10.000000, 13.000000, 50.000000, 62.000000, 46.000000, 14.000000, 78.000000, 6.000000, 23.000000, 69.000000, 9.000000, 52.000000, 8.000000, 31.000000, 38.000000
12.000000, 33.000000, 20.000000, 70.000000, 39.000000, 16.000000, 53.000000, 65.000000, 19.000000, 32.000000, 73.000000, 17.000000, 68.000000, 38.000000, 45.000000, 7.000000, 60.000000, 43.000000, 75.000000, 11.000000, 48.000000, 23.000000, 14.000000, 46.000000, 13.000000, 10.000000, 51.000000, 49.000000, 54.000000, 30.000000, 22.000000, 63.000000, 50.000000, 62.000000, 78.000000, 6.000000, 28.000000, 77.000000, 76.000000, 41.000000, 3.000000, 44.000000, 47.000000, 26.000000, 40.000000, 69.000000, 1.000000, 36.000000, 80.000000, 4.000000, 57.000000, 71.000000, 0.000000, 25.000000, 21.000000, 67.000000, 55.000000, 56.000000, 59.000000, 31.000000, 8.000000, 42.000000, 58.000000, 52.000000, 9.000000, 2.000000, 79.000000, 24.000000, 37.000000, 35.000000, 29.000000, 15.000000, 72.000000, 66.000000, 64.000000, 61.000000, 27.000000, 5.000000, 18.000000, 74.000000, 34.000000
2.000000, 36.000000, 67.000000, 21.000000, 79.000000, 80.000000, 4.000000, 19.000000, 65.000000, 32.000000, 73.000000, 40.000000, 28.000000, 49.000000, 51.000000, 63.000000, 22.000000, 30.000000, 54.000000, 41.000000, 76.000000, 77.000000, 26.000000, 27.000000, 61.000000, 44.000000, 47.000000, 64.000000, 66.000000, 3.000000, 72.000000, 5.000000, 18.000000, 60.000000, 43.000000, 75.000000, 74.000000, 11.000000, 48.000000, 68.000000, 33.000000, 12.000000, 34.000000, 38.000000, 45.000000, 7.000000, 56.000000, 31.000000, 59.000000, 55.000000, 17.000000, 52.000000, 9.000000, 8.000000, 69.000000, 1.000000, 42.000000, 58.000000, 20.000000, 70.000000, 39.000000, 16.000000, 53.000000, 57.000000, 71.000000, 0.000000, 25.000000, 24.000000, 37.000000, 35.000000, 29.000000, 15.000000, 6.000000, 23.000000, 78.000000, 10.000000, 13.000000, 62.000000, 50.000000, 46.000000, 14.000000
54.000000, 41.000000, 7.000000, 6.000000, 49.000000, 63.000000, 51.000000, 56.000000, 76.000000, 18.000000, 4.000000, 17.000000, 32.000000, 45.000000, 38.000000, 11.000000, 4.000000, 79.000000, 73.000000, 17.000000, 58.000000, 45.000000, 38.000000, 58.000000, 48.000000, 11.000000, 42.000000, 40.000000, 28.000000, 26.000000, 60.000000, 69.000000, 49.000000, 3.000000, 55.000000, 51.000000, 8.000000, 73.000000, 18.000000, 3.000000, 77.000000, 11.000000, 23.000000, 32.000000, 80.000000, 36.000000, 17.000000, 9.000000, 41.000000, 41.000000, 44.000000, 61.000000, 61.000000, 76.000000, 7.000000, 43.000000, 21.000000, 40.000000, 47.000000, 76.000000, 55.000000, 73.000000, 26.000000, 45.000000, 32.000000, 32.000000, 4.000000, 70.000000, 52.000000, 28.000000, 56.000000, 30.000000, 22.000000, 64.000000, 78.000000, 36.000000, 76.000000, 54.000000, 54.000000, 56.000000, 13.000000
191.0,172.0
289.0,281.0
178.0,181.0
292.0,174.0
58.0,41.0
124.0,129.0
39.0,86.0
256.0,9.0
75.0,53.0
126.0,106.0
210.0,50.0
255.0,198.0
184.0,125.0
94.0,181.0
213.0,250.0
289.0,48.0
226.0,257.0
97.0,150.0
17.0,79.0
150.0,132.0
171.0,299.0
138.0,227.0
93.0,160.0
213.0,29.0
188.0,196.0
99.0,104.0
170.0,17.0
109.0,215.0
251.0,131.0
214.0,39.0
130.0,96.0
153.0,281.0
85.0,68.0
140.0,27.0
28.0,125.0
149.0,184.0
284.0,54.0
173.0,110.0
149.0,147.0
173.0,227.0
190.0,226.0
57.0,268.0
161.0,154.0
181.0,203.0
52.0,102.0
47.0,99.0
69.0,124.0
203.0,258.0
4.0,47.0
118.0,171.0
242.0,174.0
2.0,89.0
162.0,296.0
115.0,181.0
45.0,45.0
230.0,140.0
230.0,164.0
111.0,297.0
157.0,24.0
25.0,274.0
24.0,164.0
35.0,241.0
80.0,118.0
167.0,232.0
230.0,151.0
34.0,146.0
125.0,294.0
47.0,284.0
185.0,195.0
157.0,112.0
203.0,181.0
267.0,111.0
179.0,240.0
43.0,143.0
84.0,47.0
291.0,118.0
122.0,74.0
112.0,118.0
14.0,167.0
266.0,246.0
223.0,196.0
162.0,64.0
296.0,290.0
23.0,257.0
288.0,249.0
82.0,299.0
55.000000, 64.000000, 56.000000, 12.000000, 42.000000, 38.000000, 5.000000, 46.000000, 62.000000, 77.000000, 9.000000, 30.000000, 25.000000, 6.000000, 48.000000, 54.000000, 4.000000, 8.000000, 74.000000, 71.000000, 75.000000, 28.000000, 50.000000, 80.000000, 70.000000, 0.000000, 40.000000, 14.000000, 16.000000, 47.000000, 72.000000, 21.000000, 13.000000, 22.000000, 73.000000, 34.000000, 45.000000, 44.000000, 76.000000, 81.000000, 37.000000, 69.000000, 19.000000, 17.000000, 67.000000, 59.000000, 83.000000, 61.000000, 27.000000, 35.000000, 43.000000, 39.000000, 63.000000, 31.000000, 52.000000, 20.000000, 79.000000, 84.000000, 1.000000, 82.000000, 66.000000, 57.000000, 85.000000, 41.000000, 53.000000, 49.000000, 2.000000, 68.000000, 24.000000, 11.000000, 3.000000, 36.000000, 15.000000, 7.000000, 26.000000, 58.000000, 33.000000, 65.000000, 60.000000, 78.000000, 51.000000, 18.000000, 32.000000, 23.000000, 29.000000, 10.000000
82.000000, 1.000000, 84.000000, 3.000000, 75.000000, 71.000000, 28.000000, 42.000000, 19.000000, 5.000000, 62.000000, 44.000000, 45.000000, 46.000000, 38.000000, 68.000000, 24.000000, 14.000000, 16.000000, 50.000000, 81.000000, 76.000000, 77.000000, 17.000000, 49.000000, 35.000000, 43.000000, 39.000000, 63.000000, 40.000000, 80.000000, 11.000000, 79.000000, 47.000000, 20.000000, 66.000000, 67.000000, 59.000000, 83.000000, 61.000000, 27.000000, 2.000000, 0.000000, 12.000000, 10.000000, 36.000000, 15.000000, 7.000000, 23.000000, 29.000000, 72.000000, 52.000000, 31.000000, 21.000000, 22.000000, 6.000000, 18.000000, 54.000000, 32.000000, 25.000000, 9.000000, 30.000000, 69.000000, 37.000000, 55.000000, 64.000000, 56.000000, 70.000000, 53.000000, 13.000000, 60.000000, 78.000000, 65.000000, 73.000000, 34.000000, 8.000000, 74.000000, 58.000000, 26.000000, 33.000000, 4.000000, 48.000000, 51.000000, 41.000000, 85.000000, 57.000000
26.000000, 7.000000, 15.000000, 36.000000, 29.000000, 23.000000, 10.000000, 49.000000, 53.000000, 13.000000, 27.000000, 21.000000, 35.000000, 42.000000, 38.000000, 19.000000, 69.000000, 37.000000, 12.000000, 0.000000, 2.000000, 68.000000, 24.000000, 43.000000, 40.000000, 39.000000, 63.000000, 72.000000, 47.000000, 14.000000, 16.000000, 79.000000, 84.000000, 1.000000, 82.000000, 11.000000, 50.000000, 56.000000, 64.000000, 55.000000, 28.000000, 71.000000, 75.000000, 3.000000, 80.000000, 70.000000, 31.000000, 52.000000, 20.000000, 66.000000, 57.000000, 85.000000, 67.000000, 41.000000, 59.000000, 83.000000, 61.000000, 78.000000, 60.000000, 65.000000, 73.000000, 34.000000, 45.000000, 44.000000, 46.000000, 62.000000, 25.000000, 77.000000, 5.000000, 9.000000, 30.000000, 76.000000, 32.000000, 8.000000, 74.000000, 4.000000, 54.000000, 48.000000, 18.000000, 51.000000, 17.000000, 22.000000, 6.000000, 33.000000, 81.000000, 58.000000
37.000000, 3.000000, 11.000000, 50.000000, 23.000000, 64.000000, 82.000000, 47.000000, 19.000000, 2.000000, 24.000000, 68.000000, 70.000000, 24.000000, 79.000000, 82.000000, 14.000000, 24.000000, 44.000000, 53.000000, 53.000000, 49.000000, 13.000000, 21.000000, 27.000000, 13.000000, 74.000000, 74.000000, 13.000000, 42.000000, 81.000000, 32.000000, 9.000000, 17.000000, 49.000000, 40.000000, 41.000000, 41.000000, 83.000000, 38.000000, 49.000000, 73.000000, 54.000000, 29.000000, 42.000000, 42.000000, 2.000000, 60.000000, 19.000000, 9.000000, 69.000000, 56.000000, 70.000000, 0.000000, 70.000000, 72.000000, 47.000000, 41.000000, 67.000000, 73.000000, 17.000000, 13.000000, 55.000000, 65.000000, 54.000000, 54.000000, 54.000000, 18.000000, 8.000000, 69.000000, 43.000000, 68.000000, 39.000000, 80.000000, 17.000000, 12.000000, 71.000000, 29.000000, 11.000000, 80.000000, 28.000000, 35.000000, 0.000000, 12.000000, 12.000000, 37.000000
9.0,211.0
67.0,64.0
159.0,94.0
1.0,236.0
28.0,208.0
240.0,177.0
171.0,45.0
262.0,132.0
272.0,67.0
81.0,3.0
113.0,179.0
244.0,112.0
164.0,228.0
143.0,12.0
68.0,253.0
87.0,251.0
220.0,272.0
161.0,72.0
247.0,163.0
277.0,172.0
67.0,242.0
25.0,277.0
97.0,279.0
124.0,117.0
33.0,112.0
205.0,14.0
295.0,284.0
79.0,13.0
45.0,197.0
10.0,258.0
189.0,141.0
49.0,55.0
159.0,190.0
151.0,187.0
296.0,132.0
258.0,175.0
146.0,91.0
238.0,1.0
293.0,183.0
95.0,34.0
92.0,293.0
70.0,10.0
68.0,127.0
285.0,259.0
197.0,283.0
51.0,94.0
29.0,200.0
246.0,237.0
19.0,27.0
173.0,74.0
43.0,30.0
106.0,145.0
164.0,63.0
189.0,27.0
23.0,136.0
7.0,139.0
129.0,246.0
89.0,102.0
80.0,208.0
233.0,161.0
216.0,298.0
16.0,210.0
230.0,195.0
99.0,289.0
47.0,277.0
267.0,94.0
258.0,120.0
175.0,137.0
235.0,278.0
264.0,62.0
223.0,250.0
65.0,235.0
241.0,263.0
66.0,287.0
84.0,136.0
164.0,200.0
140.0,254.0
79.0,101.0
215.0,114.0
2.0,95.0
104.0,193.0
96.0,246.0
214.0,162.0
84.0,12.0
91.0,132.0
140.0,102.0
106.0,33.0
176.0,67.0
51.0,119.0
221.0,70.0
90.0,86.0
11.000000, 66.000000, 34.000000, 38.000000, 19.000000, 35.000000, 5.000000, 18.000000, 37.000000, 25.000000, 53.000000, 13.000000, 86.000000, 39.000000, 36.000000, 17.000000, 52.000000, 83.000000, 27.000000, 9.000000, 41.000000, 45.000000, 88.000000, 77.000000, 57.000000, 84.000000, 73.000000, 64.000000, 21.000000, 29.000000, 3.000000, 55.000000, 54.000000, 42.000000, 74.000000, 28.000000, 46.000000, 0.000000, 61.000000, 4.000000, 80.000000, 33.000000, 70.000000, 72.000000, 26.000000, 43.000000, 47.000000, 62.000000, 49.000000, 87.000000, 6.000000, 89.000000, 69.000000, 8.000000, 65.000000, 7.000000, 59.000000, 82.000000, 2.000000, 85.000000, 10.000000, 40.000000, 63.000000, 44.000000, 60.000000, 68.000000, 16.000000, 76.000000, 56.000000, 81.000000, 15.000000, 20.000000, 71.000000, 58.000000, 51.000000, 23.000000, 90.000000, 1.000000, 31.000000, 50.000000, 48.000000, 79.000000, 24.000000, 14.000000, 22.000000, 12.000000, 75.000000, 32.000000, 67.000000, 30.000000, 78.000000
42.000000, 46.000000, 61.000000, 4.000000, 28.000000, 12.000000, 70.000000, 72.000000, 43.000000, 26.000000, 68.000000, 16.000000, 47.000000, 62.000000, 85.000000, 23.000000, 51.000000, 10.000000, 80.000000, 20.000000, 14.000000, 73.000000, 64.000000, 21.000000, 29.000000, 3.000000, 0.000000, 54.000000, 88.000000, 77.000000, 57.000000, 84.000000, 74.000000, 58.000000, 71.000000, 81.000000, 76.000000, 44.000000, 60.000000, 1.000000, 31.000000, 79.000000, 55.000000, 24.000000, 45.000000, 90.000000, 17.000000, 49.000000, 52.000000, 86.000000, 83.000000, 39.000000, 15.000000, 22.000000, 40.000000, 63.000000, 56.000000, 75.000000, 32.000000, 33.000000, 67.000000, 30.000000, 82.000000, 78.000000, 11.000000, 89.000000, 87.000000, 6.000000, 53.000000, 25.000000, 13.000000, 9.000000, 41.000000, 48.000000, 50.000000, 27.000000, 37.000000, 69.000000, 8.000000, 65.000000, 34.000000, 66.000000, 7.000000, 18.000000, 59.000000, 5.000000, 35.000000, 38.000000, 19.000000, 2.000000, 36.000000
76.000000, 56.000000, 44.000000, 60.000000, 16.000000, 68.000000, 72.000000, 70.000000, 47.000000, 43.000000, 26.000000, 38.000000, 19.000000, 35.000000, 18.000000, 59.000000, 5.000000, 62.000000, 82.000000, 34.000000, 8.000000, 65.000000, 66.000000, 7.000000, 11.000000, 78.000000, 30.000000, 67.000000, 2.000000, 36.000000, 85.000000, 23.000000, 51.000000, 84.000000, 74.000000, 42.000000, 88.000000, 24.000000, 45.000000, 77.000000, 57.000000, 90.000000, 1.000000, 31.000000, 50.000000, 48.000000, 41.000000, 27.000000, 83.000000, 9.000000, 39.000000, 86.000000, 13.000000, 6.000000, 52.000000, 17.000000, 49.000000, 87.000000, 53.000000, 25.000000, 37.000000, 69.000000, 89.000000, 54.000000, 55.000000, 79.000000, 46.000000, 4.000000, 28.000000, 0.000000, 61.000000, 3.000000, 29.000000, 21.000000, 64.000000, 73.000000, 40.000000, 63.000000, 22.000000, 15.000000, 81.000000, 14.000000, 20.000000, 71.000000, 58.000000, 80.000000, 10.000000, 33.000000, 32.000000, 75.000000, 12.000000
82.000000, 89.000000, 36.000000, 38.000000, 11.000000, 89.000000, 49.000000, 74.000000, 10.000000, 64.000000, 46.000000, 74.000000, 80.000000, 32.000000, 25.000000, 17.000000, 51.000000, 57.000000, 55.000000, 51.000000, 46.000000, 78.000000, 17.000000, 57.000000, 81.000000, 81.000000, 22.000000, 15.000000, 61.000000, 48.000000, 31.000000, 50.000000, 13.000000, 78.000000, 17.000000, 79.000000, 24.000000, 0.000000, 0.000000, 81.000000, 26.000000, 35.000000, 52.000000, 52.000000, 17.000000, 15.000000, 33.000000, 68.000000, 70.000000, 33.000000, 11.000000, 12.000000, 70.000000, 33.000000, 78.000000, 33.000000, 63.000000, 64.000000, 59.000000, 49.000000, 53.000000, 13.000000, 42.000000, 28.000000, 36.000000, 85.000000, 64.000000, 40.000000, 68.000000, 5.000000, 78.000000, 36.000000, 82.000000, 59.000000, 5.000000, 32.000000, 36.000000, 85.000000, 32.000000, 57.000000, 6.000000, 6.000000, 59.000000, 35.000000, 52.000000, 87.000000, 32.000000, 12.000000, 40.000000, 10.000000, 40.000000
229.0,31.0
257.0,228.0
65.0,167.0
71.0,132.0
247.0,275.0
219.0,70.0
166.0,197.0
211.0,283.0
137.0,223.0
124.0,184.0
197.0,194.0
185.0,7.0
132.0,126.0
46.0,201.0
208.0,182.0
227.0,213.0
68.0,103.0
32.0,226.0
63.0,153.0
92.0,257.0
165.0,158.0
178.0,146.0
60.0,96.0
237.0,86.0
162.0,162.0
79.0,146.0
202.0,243.0
173.0,50.0
201.0,90.0
273.0,81.0
249.0,42.0
167.0,72.0
124.0,274.0
88.0,242.0
123.0,54.0
22.0,176.0
78.0,242.0
154.0,222.0
153.0,66.0
228.0,31.0
214.0,127.0
252.0,277.0
198.0,232.0
222.0,285.0
246.0,98.0
259.0,42.0
142.0,120.0
120.0,40.0
109.0,10.0
12.0,185.0
236.0,149.0
121.0,196.0
1.0,119.0
180.0,78.0
16.0,65.0
182.0,62.0
137.0,71.0
16.0,124.0
229.0,123.0
67.0,87.0
28.0,42.0
61.0,273.0
80.0,84.0
232.0,152.0
259.0,247.0
288.0,266.0
179.0,284.0
113.0,213.0
190.0,126.0
195.0,77.0
274.0,271.0
37.0,159.0
127.0,85.0
174.0,37.0
284.0,278.0
274.0,104.0
113.0,5.0
170.0,277.0
263.0,18.0
243.0,44.0
38.0,240.0
257.0,130.0
239.0,133.0
229.0,167.0
30.0,214.0
207.0,104.0
166.0,125.0
86.0,43.0
289.0,266.0
266.0,193.0
107.0,58.0
9.0,276.0
111.0,143.0
194.0,83.0
250.0,233.0
15.0,36.0
66.000000, 7.000000, 43.000000, 74.000000, 88.000000, 65.000000, 32.000000, 19.000000, 61.000000, 91.000000, 80.000000, 17.000000, 84.000000, 71.000000, 16.000000, 62.000000, 72.000000, 56.000000, 34.000000, 90.000000, 60.000000, 95.000000, 54.000000, 52.000000, 57.000000, 18.000000, 24.000000, 20.000000, 86.000000, 46.000000, 12.000000, 2.000000, 35.000000, 49.000000, 13.000000, 8.000000, 6.000000, 9.000000, 25.000000, 3.000000, 22.000000, 59.000000, 87.000000, 48.000000, 76.000000, 47.000000, 92.000000, 51.000000, 67.000000, 36.000000, 33.000000, 37.000000, 42.000000, 94.000000, 64.000000, 4.000000, 41.000000, 70.000000, 75.000000, 29.000000, 79.000000, 5.000000, 55.000000, 27.000000, 73.000000, 39.000000, 0.000000, 30.000000, 45.000000, 78.000000, 11.000000, 38.000000, 31.000000, 21.000000, 14.000000, 10.000000, 15.000000, 1.000000, 89.000000, 81.000000, 44.000000, 23.000000, 82.000000, 50.000000, 58.000000, 40.000000, 85.000000, 28.000000, 93.000000, 69.000000, 53.000000, 68.000000, 63.000000, 83.000000, 26.000000, 77.000000
9.000000, 22.000000, 59.000000, 62.000000, 72.000000, 46.000000, 20.000000, 14.000000, 83.000000, 63.000000, 50.000000, 68.000000, 21.000000, 86.000000, 12.000000, 92.000000, 25.000000, 2.000000, 18.000000, 3.000000, 16.000000, 34.000000, 73.000000, 11.000000, 78.000000, 45.000000, 29.000000, 75.000000, 81.000000, 89.000000, 10.000000, 6.000000, 24.000000, 93.000000, 69.000000, 28.000000, 85.000000, 40.000000, 58.000000, 82.000000, 44.000000, 23.000000, 30.000000, 79.000000, 0.000000, 39.000000, 5.000000, 53.000000, 31.000000, 38.000000, 56.000000, 71.000000, 35.000000, 49.000000, 84.000000, 17.000000, 19.000000, 32.000000, 77.000000, 70.000000, 74.000000, 43.000000, 7.000000, 66.000000, 8.000000, 67.000000, 33.000000, 36.000000, 61.000000, 91.000000, 80.000000, 13.000000, 37.000000, 94.000000, 1.000000, 88.000000, 65.000000, 64.000000, 42.000000, 51.000000, 57.000000, 52.000000, 54.000000, 95.000000, 60.000000, 87.000000, 90.000000, 47.000000, 48.000000, 76.000000, 27.000000, 55.000000, 15.000000, 41.000000, 4.000000, 26.000000
66.000000, 77.000000, 32.000000, 19.000000, 33.000000, 36.000000, 61.000000, 80.000000, 17.000000, 84.000000, 13.000000, 35.000000, 49.000000, 71.000000, 18.000000, 2.000000, 25.000000, 3.000000, 16.000000, 22.000000, 59.000000, 62.000000, 90.000000, 34.000000, 47.000000, 48.000000, 76.000000, 87.000000, 60.000000, 95.000000, 54.000000, 52.000000, 57.000000, 92.000000, 12.000000, 46.000000, 86.000000, 68.000000, 40.000000, 58.000000, 82.000000, 50.000000, 63.000000, 83.000000, 14.000000, 10.000000, 6.000000, 37.000000, 8.000000, 67.000000, 51.000000, 9.000000, 20.000000, 24.000000, 21.000000, 85.000000, 28.000000, 93.000000, 69.000000, 53.000000, 31.000000, 38.000000, 56.000000, 72.000000, 27.000000, 73.000000, 55.000000, 5.000000, 23.000000, 44.000000, 75.000000, 29.000000, 45.000000, 30.000000, 79.000000, 0.000000, 39.000000, 78.000000, 11.000000, 81.000000, 89.000000, 1.000000, 94.000000, 64.000000, 70.000000, 74.000000, 65.000000, 88.000000, 41.000000, 4.000000, 43.000000, 7.000000, 15.000000, 42.000000, 26.000000, 91.000000
84.000000, 22.000000, 38.000000, 79.000000, 40.000000, 68.000000, 42.000000, 88.000000, 40.000000, 56.000000, 38.000000, 1.000000, 50.000000, 89.000000, 43.000000, 7.000000, 4.000000, 75.000000, 58.000000, 18.000000, 3.000000, 90.000000, 72.000000, 62.000000, 38.000000, 69.000000, 22.000000, 84.000000, 2.000000, 35.000000, 63.000000, 50.000000, 6.000000, 10.000000, 50.000000, 89.000000, 94.000000, 50.000000, 21.000000, 22.000000, 56.000000, 40.000000, 83.000000, 85.000000, 25.000000, 14.000000, 68.000000, 68.000000, 58.000000, 89.000000, 25.000000, 25.000000, 25.000000, 7.000000, 4.000000, 16.000000, 54.000000, 31.000000, 93.000000, 18.000000, 31.000000, 5.000000, 31.000000, 21.000000, 2.000000, 92.000000, 12.000000, 24.000000, 64.000000, 14.000000, 85.000000, 83.000000, 51.000000, 55.000000, 69.000000, 68.000000, 46.000000, 72.000000, 38.000000, 12.000000, 51.000000, 8.000000, 40.000000, 44.000000, 72.000000, 39.000000, 93.000000, 5.000000, 44.000000, 20.000000, 20.000000, 50.000000, 10.000000, 37.000000, 8.000000, 13.000000
