-0.5242249353934727
-0.9128807121407947
1.7203143071087252
0.6759352023269913
-0.566101042711288
0.6364726766642432
0.555903575232044
-1.240238251669079
-1.511306033105785
-0.4109895757260291
0.5856349914128846
0.15379781831201045
-1.1914967584006573
0.012154443226758183
-0.02971218141278037
0.29310639487072
1.3896774759527089
-0.1324120713992465
0.9076565908545405
-1.975295081211069
-2.2436777793376006
0.05240924235042632
-0.5671241479424947
1.87932506657936
-0.4892779075031852
0.199843220323353
0.8565210120088071
-0.7118986727725309
0.5297265560376228
-0.9815115878032137
-0.19048943812005048
0.7385786622953407
-1.5530244068873813
0.45767050114122176
-0.3421798193878808
0.1346763606918595
0.448025865317363
-0.6260109727139813
0.46313088854590867
-0.4015974129312072
-0.3902845360443712
1.682297123797487
1.1339563221492492
0.9935810431472731
1.0729622934335992
-1.2997880648693938
0.7931512448547899
-0.3791652043300684
0.3698328951217469
0.24278212294124707
-0.6386528832019593
-1.0708292189074777
-0.10927833941235887
-0.8231894465539984
-0.07329711200905109
-1.224314606601122
-0.2705211638944478
-0.7202669762004419
-0.8596398091419082
1.1930687323534048
-0.8474143908331275
-0.016946693164780147
0.3714801110244274
1.9724598169004564
-0.5948749060080964
-0.7010361633471192
-0.978668829350219
-4.012497969741984
-1.7863475903458965
1.0415743074139852
-0.443607438745355
0.5456470073962132
0.7104982462333398
0.11089718883964816
0.4852397623220299
-1.2195962655489008
-0.25092831852707587
-0.2001573854750236
-1.4238661566179163
2.1293954090905824
0.60112667499527
-0.16858249317223817
-0.34639386492565283
0.30424996148879435
-0.49814586680973627
-0.08159659776434902
-0.04130507291592744
-0.16385782080152156
-0.48859338866602553
1.2884226030770878
1.9110989372265
0.21779758620410594
-0.14927257109864533
0.7909044342463858
-0.5751052057236068
1.423234113005479
-0.7206426478091159
0.8118400844819826
1.698155390235223
-1.8097185957671038
-0.030511119809378817
0.2851211292381244
1.7608248735779417
-0.002677786187549991
-0.1741053088805753
-0.05292742241352988
1.72778189463369
-0.6589418724851847
0.15293414406876416
1.1474597917725045
-0.9939325988717971
0.8473698479119588
-0.47400167378889435
-0.45297376108031906
0.00678677404717376
0.08030277931835017
-0.3779967076492932
-0.17457657354488987
-0.05458315535696984
-0.7866875653103007
0.5803741273554746
-0.5075043895778824
0.5574387586251226
1.6231387017844088
0.2312011232769171
1.8065294533470926
-0.41944037214742114
-0.6551956866436531
-0.46826101571606715
-0.5193670032921409
-1.1220652818645704
-1.8976063467836428
0.4687471021417718
0.22861368136270405
-0.4746815735678654
0.3802790187345455
0.3446950819255987
-1.1102848470919426
0.2436475031305929
0.18895089540050553
-0.26145050084153776
-1.0691242072061828
-0.24928684254883038
0.6557644505172135
0.8607900210784667
0.2972210929332001
0.14180187299272173
0.773284324442538
1.3759257536269403
0.7847723837928855
-0.9526766405225411
0.5173094708405224
-0.08213695468349003
1.5228013844108828
0.013606262605438735
-0.8697056096876534
-0.7749868702645464
1.8060747553569776
-0.3979099677799727
0.48018738255537285
1.6873927024648545
-0.8819936030704261
-0.17856557749219587
-2.204851669519036
0.09967897150213512
-0.5458939658924506
-1.5225173097447418
-0.8211748379318153
0.641054129048045
0.17494889210485498
0.7807426554844561
-0.2527445775585917
0.18124054238480447
-0.9851337801806714
-0.11290073820950308
1.163569892144245
0.29168544042306976
-0.7802477816807869
0.6381365158543166
-0.008368845774999745
-3.555302424493762
-0.5400760593330882
-0.030254251701520296
0.10618016090657767
0.004306958989370058
0.5057674098134832
0.34073727368438345
1.0982910564088775
1.044414986467751
-2.0294759828286018
0.7116129116767818
-1.9690213292346552
-0.5003629625025972
1.3973055673051422
-0.0035057920112411267
0.6086751925609786
-1.0196997865407216
0.7891057940219386
-0.24796784259551075
-0.10984404932988934
-1.1874686221195403
-2.051580890188575
0.5741407355921287
-0.03203860734993924
0.2316608439923984
-0.37494335353193886
0.6917909085440392
0.4374424882739256
1.2609369500761476
2.2187568329956058
-1.8021305240617398
-1.033567580140027
4.092146678951123
-0.6977463787922575
0.7045889949957158
2.887419629153503
-0.23056600122663928
0.7978500488387732
-0.560831115688871
-1.543284395424838
-1.4682332597487227
-2.1583916918438835
-0.4606558148127935
0.8632798151707156
1.123452966326893
3.3832117205382755
0.7372601079324697
-0.6849604902141779
-0.1150019434021925
