-0.9046079036625064
-2.084384001517982
0.4156077271009962
-0.6644051946178986
-1.3180481180952413
1.5728339131167692
1.4635690220822388
-1.4166412027848376
-2.339433745779187
-1.322935963205463
-0.024123934272419614
-0.5025606224008087
-1.323528084125666
-1.2000661444720429
0.27532486079743357
1.5832299847755713
0.4939958131742589
0.5291406717463897
0.5284207652438053
-0.7172749877711485
1.6749105897632695
-1.0553273235835172
0.6380316804959801
2.2431334623792143
-0.8972087954173086
-0.5921241666334438
-0.8480814133088208
-0.2983177027071173
1.54855788441107
-0.8182910226113067
0.30028641866792233
-0.24636022434393995
-0.27186935712688093
-0.5231776543350896
0.377210451211478
-1.20733417136766
-0.35698208666089365
-2.1756244149281208
-0.609740614909169
-0.8826336479887987
-0.4700241053023091
2.4995718917754335
0.0948989341128381
2.341175682139713
1.634533944860277
-0.23486084997996215
-0.8769163268260664
-0.4624067053927598
-1.1206784719012146
-0.32746448420908
1.492107047257345
-1.4227898259164116
1.57925454040826
-1.4462699094909521
1.4857294173038038
-1.0665722527870962
-2.307729094239044
-0.961047632021216
1.5305407474065602
2.181415645868496
-1.0535783888224572
-0.4906228469346346
0.11063727578638179
1.784434535854962
-1.4466137250921591
-1.3263790689787538
-0.9453263166612582
1.5296222514028572
-0.5656074767846216
0.40567984559365794
-0.4961295773037552
1.7027547808387262
-0.26007455146490555
-1.4972673129688079
-0.5684338817010867
1.413951553578086
-2.187518981167646
-0.6782009078568506
1.5265938478909973
2.2258424299191395
0.06745616751902474
-0.9321559540772215
0.48834345602258195
1.4646711336020957
-1.1916902789325743
-1.0016154456323867
-1.2286656742034412
-1.320082729929521
-1.0467852251433207
0.1090287941421368
0.5498334741604434
-0.7564973657508677
-1.08353707173105
-0.9580297937589107
-1.272827437219778
0.15696759135446534
1.439314990697592
-0.3259610353337905
1.0335779799476594
-1.307847414694898
-0.6330818340102865
0.09336392250610898
0.5785432597029357
0.9890595802974984
1.5824009907842727
1.3006938719150558
2.1389814171904025
-0.7662865572033195
1.7752582504014849
1.7339879090509296
-1.1584974041819036
0.07051742200841851
-1.7225553111293643
0.7452074258173477
-0.6183448647067827
-0.5374706906866183
0.19720670083231434
0.4861804921849842
-0.40099863289087634
1.3306448417886703
-1.5373166521752357
-1.5768088599780388
1.640683881410079
1.8928761329020227
-1.076083529404382
0.582344410764189
-0.42943453306392476
-0.9240073284989251
1.4333284086540246
-0.9992034817117247
0.5226059730048476
-1.1942140370943335
-0.9829191722791943
-0.4858059676978124
-0.6637594488640789
-1.2609866693100402
0.5099012635802472
-1.0126472354930376
-1.9256459304393254
0.03980131163021524
-0.7880457045244004
-1.2777218956266945
1.5043694049127998
1.2073871960869602
-0.43712799975949596
-0.6486526730523643
-1.436842694662014
-0.24628405980966334
0.4977391625849305
-0.6731651203009053
-0.7118689414403808
-0.8787336428501794
1.5610509592893893
0.23839427155318865
-0.6899024149278947
-1.1083785027591633
-1.351900042692175
1.791146613352638
-0.486572553208881
-0.853276559705146
0.8009696336432353
-1.821962935405855
0.02104802051884075
-0.9365186373667691
-1.4998411211950071
-1.2928692213630726
1.5126820284475546
0.6503930148299681
-0.25107265440095317
0.4539178867323919
1.6907956357019567
-0.7065463969327607
0.7064481790106198
-1.1263990000796649
2.324852986300556
1.9908161501610406
1.7487687659198023
-1.7037571598617764
-0.7202927979399327
-1.5893179151363546
1.4581672186729262
1.443686006387762
1.558808646593512
-0.2819496692757788
-0.6076401040445395
1.650442029396663
-0.8141876184351288
1.2911287075291185
-0.4078164704120939
-1.6774815419840665
-0.8433030933105023
-1.0232085501566344
-0.5864758474185183
2.1769757955514963
-1.8668955639021916
-0.8850387310074411
1.7063581429058072
1.7080982706314622
1.678853418676116
1.571857630908934
-0.5136465761531123
-0.6681332567738935
-0.2623348327614302
1.5954736181030327
-0.6464998548995781
-1.2317857483348686
1.6908637019567452
-0.5842836834288117
-0.8895403195944384
-0.8408680279044703
1.6234021097966076
-0.7782230590343259
2.361124580660923
-0.9813609395345053
-0.028430430368163742
2.4763883018809976
1.5664370474569997
-1.1306334221795453
0.4504967611302805
-1.5792848464571472
1.656062721021318
1.3317156439256281
1.384756205253455
-0.5758237805184597
1.7159763124777352
2.6722940275577316
1.698799988791474
1.6899587192839927
-0.9074288138841454
