-0.39486395102841076
-0.3786430370492736
-1.713165197648408
-2.791176313911472
0.005729087585330472
-0.13479419859567693
0.7353000592569086
0.439466132967283
-0.7475095873900109
-1.0786958745527802
0.7487142561814913
0.555401583498758
0.3021383503808071
1.1867698988777637
1.2793137658594635
0.24364533018691403
0.9413236637600022
0.1681396344020316
1.339705088877424
0.2255960390443078
-0.15776464814060476
2.2533419713718503
-1.7115056511602793
-0.21571392514124393
0.04742377464954395
-1.5780583285433478
-2.8226764571212417
-0.20611581511094498
-1.6292486879064771
-0.3729358231239616
-1.7115056511602793
-0.20829566626443707
-0.631096056271501
-1.0863854885322577
0.5342557804488579
0.132594772982018
0.887526144448493
-2.3986986704919957
0.14979612291551808
0.6350165225314381
0.0892957746869153
-0.11269944099366497
0.5896170014271798
1.6627619244619556
-0.9532355688464371
0.20893740620275245
0.9481834564085221
1.08083383895132
-0.19456039753506932
-0.8442641007917738
-3.486860123919554
-1.7136062662819358
-0.1571738040839272
-0.09977915748163957
0.2689626053011096
-1.7115056511602793
0.6963656377130585
0.2761643660921767
0.9973297252546285
0.00707863316639043
-0.5771410746109983
0.1882191049662113
-1.666380767182343
-1.1330493141683724
-2.3621577512772185
1.5710883130799922
-0.6019578056668793
-1.7136062662819358
0.24526182746447567
-0.17606052724428814
0.179937977007938
0.6232998054283221
1.3914030508548494
0.8588052021293759
-1.748443989008844
0.7322562035654534
0.32397908483696236
0.20094428080685522
-0.01177045719278047
1.6685182640662921
-1.8539981362270286
0.842832612784199
-1.5437384504736427
0.01355751476852013
-2.6622228819476397
0.1333019820163
-1.2303239800315615
0.8186355433809591
0.16992750384095312
-0.27565903302137457
1.595050316111993
1.7242436511930388
-0.6252487790814767
-0.11374584282490452
0.16654138912889738
0.7630999359440399
0.3638867834906089
0.14748972599760818
0.8321562618171895
0.6141253138542264
0.695695779674036
0.42610598394838906
0.9861956440466868
-0.33518662121911935
2.1156928088538143
-0.7320302462516535
0.8864348798296918
-2.1152740197542355
0.8472791674168418
-0.054082868159768926
-1.427865619214668
-3.4880621893936454
-0.0962197225540814
0.05095586389136708
-0.48815403031497917
-3.690632267843208
0.10025762071640743
0.19349010302809622
0.5161939742646361
0.936968161066832
0.036120068429829344
-1.1985785582611963
0.46966995350704577
1.0683278884026544
-1.7115056511602793
2.506983315350865
-0.2941633501322357
0.31910115462903255
0.20891379761622683
-0.26911024418342766
0.042059112659183495
-3.7017853892957726
0.07340831619368038
0.655520404247504
0.8191442352817988
-7.18656418179191
-0.4319393842171387
0.6904899091077872
0.5534526540748602
1.1260723255904077
-0.07965199882028645
0.07954113081756231
-0.34985110728878344
0.5315807566751193
-3.435524542810498
-0.44416652963702086
1.4588607064255064
0.17977996472331037
-1.7115056511602793
0.23098776663417675
1.6044029027901496
1.552949958215959
0.132201168908415
0.1836033014924756
0.6476341492789011
0.12238356023397057
0.413687515831581
0.5722367894006362
0.15196442979432512
0.7944559071550622
1.3796712983595536
2.0037656805817514
2.2719435009178106
1.5545104931396856
-0.2502472656358815
-0.6681463803877912
-0.2964331066981962
0.3612921726211101
0.3593902513646987
0.49484906996572037
-1.335284793555508
1.0150466299985172e-06
0.4886049587386258
0.3831947258108097
0.648352519575677
0.1941082566158009
-0.004346224597306436
1.294668285357548
0.8843114212731019
0.08807435134782249
-1.1345989249745059
-0.014946764710544014
-0.3913836388051458
-0.06554216820142683
0.1628262336382713
0.23471866559155807
-1.3159393932477783
-1.4992322512441931
-0.1456768019633919
-1.7115056511602793
2.3311408190972354
-0.3257209195794951
-0.0429367408000183
0.6413208179434234
-1.3855899732381203
-0.9287735734223266
0.15540725661409632
-0.2381997768942792
-0.9953985206370395
-3.0542934088377187
1.0923708504731011
-1.1962176704296945
0.132594772982018
1.073704508249823
0.25537642036635283
-1.613056015234244
-1.7226108343447741
-1.7115056511602793
0.5268622426661735
1.1503621047978596
1.0582028511455759
0.332717024727878
2.393721478007025
-0.0035548362658033017
0.709630165240571
0.5024315914298153
1.4750263121058338
1.0589884080079093
0.25985435528736334
0.317614069613743
-0.06017275654987336
-0.6549088688037643
-0.839214913553547
1.3423624132314242
0.2971097161763464
0.758742854578313
0.9854907484699499
2.2478520389852337
-0.6717168344763916
-0.24107788050815515
-1.7115056511602793
0.053616758834731215
-0.5342432756894714
-0.4882526598257878
0.17454445550802689
0.19050201846600245
-3.327505224685714
0.1791098111949163
-0.9822537503257598
0.2917066795733981
1.3755341515488926
1.7027114429366423
2.4365054354638396
-2.3475336854592106
-1.344792427993059
0.16795566653211913
0.2522872772017234
0.8772122833322648
0.3672818000445186
2.6231722840246015
-1.7115056511602793
0.8334993121336822
-0.44387483906485636
0.7228633379241752
0.44328186966710076
-0.23485892477239234
0.33487105045444754
0.5722367894006362
-0.6661024032830231
1.169554491324084
-0.9472273101959954
0.9532432631905834
-0.43350600177727283
0.002902657431344713
0.6378873134038571
-2.357440398757713
-2.0231147663542868
-1.9580706049171495
0.23216710390836065
0.3105691567828861
-2.2212851901215256
0.16995984196268316
0.45038585707067613
-2.1412264982079567
0.9332793791568668
0.2064412818999723
-1.7279938086796416
0.014822096870459711
0.12732438077162173
1.9284121837900172
-0.08374980512872254
-0.17428914543912688
0.4121786321205235
3.337429175104783
0.3511423636655716
0.21273191859589646
0.6189467576370714
1.3533039801670768
-2.180232643793966
0.7065799079212463
1.4313362028825218
0.7366903457924917
-0.4290492064629098
-1.3066289369430941
0.29662699496388123
0.14837518902236696
0.09741633454712012
0.5568547121333594
0.184190740798
0.22295857764259475
-0.22707754531635654
-0.7073870660569735
1.062950400606175
0.345016371076141
0.05066945374282128
-3.0211910560283926
0.17054780484954812
0.17865247388220118
0.4409486560825656
-0.17895439178726275
0.2770080421020824
0.9101775406731318
0.3507709707807088
-0.44844351033288216
-0.617035745449001
0.2590619943420614
1.139956711934483
0.3132529712602409
0.9048959351367699
-0.007339138400819678
-2.180232643793966
0.37746451374419054
1.0081007710240315
-0.5752029492992471
-0.19206221216380404
-0.0656137717145987
0.5722367894006362
1.7242915359616002
-1.4350991926007841
0.37272097235420965
0.5690014916432637
2.7909407016205856
-1.882812192937582
-0.07514106770079543
0.07991781169047296
1.9896051173822125
0.47351101831263853
0.24799458006410868
0.11245182313477026
-0.2929479420957734
0.8503253526560758
-0.07901735345630062
0.17484587699442317
-0.2736478240907951
0.10382577280903577
0.7027731448817447
0.06792567090036628
0.9265107349268576
0.9364702769062738
-3.8974516448488394
0.3762700683814169
0.5703480223277424
-0.9029194135840245
0.1913156457205839
0.37175347152744054
0.048302048316069435
0.37195947672711055
-1.1820244918830738
1.5535524591178291
0.19210154553097075
0.5549536198338836
2.6736068098999572
-0.09501868243822797
0.9701656510999358
0.48524119901174634
0.4090460543246952
-2.0017308597678056
-2.2520124029485546
1.5421338101178679
0.13297754674450896
0.17928262036823528
-0.049464845422730275
0.13105361245324082
-1.219585054434392
-0.6133039077576092
-1.2641819405688648
0.24467847843025925
-0.12394508423315412
0.24278953965646888
1.7111886393361018
-0.5821350993467838
-3.3451740659567175
-0.42628583323691066
-1.540676049750645
-1.6698390288831066
0.43752503301788426
0.17434484994013932
-2.0688359966938434
1.5017794696363742
-3.327505224685714
0.19478991397028644
-0.5675830344933706
0.06355345976306398
-1.7526945031918857
2.856613139872506
5.150395200514775
-0.05345944516427398
-2.147703715048237
-0.9309206687456428
2.3035202986491714
-1.7115056511602793
-0.241029727355982
0.47659748100058313
0.5128484187696747
0.25664509027892907
0.07462015970703578
-0.8907767996656004
0.3367886443151665
-0.08100746555517474
0.7285820579197805
-0.4811251844275361
0.7065973314658738
-0.9362336051398259
-0.5945629119159732
-0.5623302584186972
0.16577481836357377
1.8367019776576452
2.4365054354638396
-0.7122871145673306
-0.7168974402108966
-1.698797171289641
0.42025326965995335
1.3030200192203374
1.5263847037449259
1.5652664855176157
0.1657326225827831
-0.06567120211179844
0.5271166237604644
-0.23063621883540905
0.37899839264576196
0.23910227512682258
1.7192622084631206
0.6841220773716167
-1.8623504123565968
-0.8015422482666923
0.4973607059578171
-0.7148359665323034
-1.7136062662819358
0.056649943130728575
-0.22688461407959182
-0.23502804646468023
0.1646289574977733
0.2229795866247104
0.390395183592938
-1.7136062662819358
-0.3215331370292441
0.5799209173415788
-0.12705444284940967
0.5402036601635893
-0.4033475746220648
0.24784241259055684
-0.680583923254597
0.18823857153751422
0.14682940261080524
-1.050103043542942
-2.93609514590338
0.5773831542602791
0.12988219124402045
0.12264923416095502
0.011746566591344126
0.08401943573472748
-0.8495868791143284
-0.05085317591939459
-0.6556072580164022
-0.09311266281114972
1.4776318704787172
-3.1540736862586254
2.277904886617872
0.5467075330270734
0.4516386917200738
0.7250802733856628
2.1352590688367568
-1.948735859672526
0.04807020910478388
-1.9580706049171495
2.697791792275717
0.3935131426757882
0.7769307206229634
-1.7115056511602793
1.610241109471671
-0.06084803079206097
0.2796195833159977
-1.7115056511602793
0.05197860689552805
0.45088984558598194
-0.30976568381512626
0.28890288690227756
-0.5979802914804746
-1.065944924730979
-0.27456757892605127
0.8459120213854564
-0.23639586746054886
0.3134414804555095
-1.3867682850068472
-2.206964349529117
0.06877588059162737
1.87841670157622
0.10730184637626283
0.18130020739965635
1.480923456166011
-0.3920609678229524
0.9622661918378561
-1.9001401948658858
0.48234237752630227
0.9904229626245632
0.8513179872331598
0.8054939614637477
-0.42416477969746047
-1.3894893111624478
-0.24609808048452314
0.8154627757826745
-1.7115056511602793
-0.30973661534069497
-0.061711028388130584
3.1388550051392072
-0.34573429022707597
-0.3236689367984156
0.6255051903569894
1.6812849594148227
0.5741862742915743
0.368667385484077
-2.6622228819476397
0.21812347828632117
1.8845690341121872
3.023098492628928
0.9790990783994564
0.2282458884839259
-0.2478272139107901
0.11047656591503419
-0.3620916708458295
-0.3201838846675056
-1.0700357192893188
0.722765286910328
1.2975731944650102
-0.12347591036713279
0.38528403229107544
-0.7805808694248919
-0.04916104823474371
-0.28419646617252114
0.22934752465517705
-1.335864236659055
1.1072865546357888
1.3491826681851975
-1.7136062662819358
0.46790221161976664
0.562707993920055
-0.162305598910242
-0.19421334656891515
-0.422494491415898
0.8472791674168418
0.199504188260878
0.6288534847531779
0.12187241695030981
0.06402131811528577
-1.5823840306898316
0.024441586262211212
1.8423457651479715
0.38045165517352086
0.2616712409102635
0.17308444352026997
-1.7115056511602793
-1.7115056511602793
-0.5044888680000428
3.1156368523212836
0.11412014870617482
0.5942232694488474
0.33898491072773573
1.6655543377574764
0.9720251798378191
-0.22911790440041785
0.07855535578722511
0.02852865718769415
0.28594062990388713
0.8618096444258698
0.7891158598860775
0.09065917201262352
1.404500252623343
2.558726909834635
-0.7561414912423765
-0.983128091702888
0.13472166989912193
1.4543197514492647
0.09592444653845289
-0.13817934690254494
-0.020652247968871218
-1.9976760929861221
1.0289706035735888
0.13859558831785035
-1.1534295677001845
1.3022374915233539
-0.6013477491409561
0.3004187093490154
0.041935356944240276
0.3116609506892755
0.0017572423503269263
1.341770940442379
-2.97062563800688
-0.5686049814533871
-0.018698230790099524
0.25509011566387607
0.1040879230261863
-1.8120217439781734
0.43454501709809895
-1.7480478699556325
0.061012628749422704
0.5245442928985876
-1.605377375673683
-0.639687755938566
-2.022046190369751
1.3224077488213795
0.7327145219020961
-0.6160608846556459
0.925675419855845
8.47462190458771
0.8020916089296537
0.7296101558880591
0.3790759734975213
0.04843210040219206
-1.7136062662819358
-1.7115056511602793
0.8472791674168418
0.562055964048957
0.1792733897717902
1.0755351667890245
0.16938528326051788
1.6274968072396756
1.818246785240863
-0.017945843080173773
-0.9943482705618396
0.48162717796294496
-3.512408354523565
0.0016718733486976722
1.064560224958
-0.009450852237782637
0.15998500923659023
-0.0829094660396768
0.266415313966664
-1.7416316077564384
0.2778367888515911
0.49187742774360477
1.5599791547706094
0.5869110760469701
-0.0002564929300010177
1.5618604777324345
-0.9618329816057976
0.3298164243473638
0.15173812735644987
-0.10966786223691116
0.9938068390385724
-0.4306496095891736
-0.6206996250031757
0.4708431765531585
0.32363175974448044
0.6195099992050972
0.5271313035328811
0.3972819874166938
0.07199615259831588
0.8290134464362986
-0.6882165433050071
-0.437173157624662
0.45379086451037276
-1.5473999012320918
0.5862874325276057
0.07570284363629876
0.9378969919151416
-0.4349233211438435
-0.5911385430719223
0.880751557196169
0.6905911869217007
0.023810995411106706
0.36025630204922665
0.2933362074706055
0.23098776663417675
0.4282845636784576
-2.7943822227908575
0.7063517920786492
-0.09763399748944443
-0.26871650727488205
-0.3197270141739952
0.6848260101168697
0.04270496967447368
0.7708731241208043
0.338611178352238
0.21546222279480204
1.2561722529494044
-1.5929793131670023
-1.7136062662819358
-1.1311970200703576
-2.180232643793966
0.1413699957434747
0.8613228631408698
0.31165746347923756
-0.7896580715165262
-1.6764053643688017
0.023961275251920044
-0.23174926623744188
0.7846984666104045
0.14821123611637854
-1.7124176537298739
0.2663015392289886
2.3445896259449848
-0.4573250291172648
0.04843210040219206
0.4897840616430642
-1.6262391762074393
0.32390176257488346
-0.9013272770813001
2.0723246180586683
-0.5074762478984883
-0.3963501530069834
-0.8474218000434379
-0.7346579138188858
-0.33415369898468916
-0.0971364987675098
1.6096812816140074
0.8375770210696397
1.0474030056879273
0.04049418142723027
-0.48446813386616344
0.7944977418538024
1.0235632499336242
0.23107849397603142
0.7194120203657799
0.8638793048898463
-1.55283097485039
0.8890482945073106
0.5426996531133309
1.8587196694671144
-1.7136062662819358
-1.9580706049171495
1.6494184122923186
-1.6419597782498505
1.034654581321011
-2.4042332245909748
-0.11944889644004392
0.8710360432872744
-0.6877057093704226
0.1898790615358934
0.4381464699536615
-0.4971562822609803
0.08868385669040174
1.64240619621706
0.5561112933810939
0.4766106937176572
0.04185741606759774
-0.0746211386635654
0.8890482945073106
-1.1463536830990093
0.324677963236762
0.6105493684217083
0.37150924412696207
0.802069013444516
-1.1980954054954795
0.1853161929080051
-1.4525593849493879
-1.1055699549077622
-1.779842298291217
0.508377950782166
0.4817355684699399
0.9757801952546646
0.3689071224330224
0.05322870068425975
1.227915848192295
0.46767600053963376
0.3159585237275761
0.2594187647129249
-1.7655895889917796
0.40120712855808066
0.09220452513549449
0.14792620734731055
-0.44396112257317705
0.821068260298122
-0.2368830052235612
-0.44024406525879367
1.547090053985694
0.14467892027500912
0.8964371506039732
2.455670589046294
0.07535281364755358
0.5549769443585774
0.20252205789598166
0.9351639738265427
0.12900588054819928
0.6622099445786072
0.23181185754871136
-0.7384260031938604
1.4107451048411423
-1.3486531950763965
0.8754359192759846
-0.5360091077036486
-3.45001646710878
0.2732486271726214
-0.8176691702222002
-0.8637989774593087
-1.7115056511602793
1.1774649017754173
-1.1785787151307574
-0.7613605280336762
0.5493280136592648
0.4799045713699733
-0.8933022832235529
0.25708899997486345
-0.0513110174959418
-0.03598254669997897
-0.7531691739766447
0.23746455914779618
-0.8514626708183345
0.08400306990880657
1.033714257958741
0.13603366692880192
1.1085181139576934
0.20795690859196164
-0.9288438663652451
1.879356821956062
0.2705075534704504
1.8658518671982725
-0.2109344118726773
-1.855015555580636
-0.3919157317823838
1.1285803370183147
-1.9022975686640462
-0.45939722798543026
0.20788698686368823
1.0688493049652004
-3.2215113479514237
0.2937312439225341
-2.15595159093036
0.7847097954661955
0.9788785518209184
1.1301208639981943
-0.4315304720510269
0.5317882914629641
0.5497228739473008
2.711026424985551
0.1559390171089755
-0.3258523916181873
-0.03704596867363236
-0.3499743585595695
1.5617797399089766
0.6739543604922312
0.10836670289323974
0.8111181579185565
0.199227768770529
0.3228027635355919
0.27455204931541866
0.16394869660481776
0.3709039727987733
-0.09563427352946058
0.8696426713007827
-1.6819827132581477
0.2939324129557344
-0.5951801752394449
-0.9482192946878667
0.32027798716196454
-1.2421121143364187
0.300089055592921
-0.028368275871717946
0.11509772156618236
0.3516300671591854
-1.716150481596872
-0.19104221272232402
-1.7115056511602793
0.05356870733519287
0.10795786933903909
0.9086882240260317
-0.8737305788027956
-0.4440420711689052
-0.025542571121605795
0.09638930125429362
-0.545699937584412
1.2086230998730574
0.490552453003815
-0.09912726807138957
-0.15302890497102256
0.194826486196385
1.8407766460324932
-0.7613605280336762
1.072213727794064
-0.16226160354416208
0.5134024534640497
1.547090053985694
0.17481573884027615
-0.20654775372318404
0.5703480223277424
2.4929698456888576
-0.3776684238522621
0.28140702701943354
-0.15498523845282436
-2.180232643793966
-0.7531674644163187
-1.4398937437094095
-0.7535912916607185
0.04210384797119704
0.5632008376806905
0.13800307687015279
0.7101226604103541
2.7113301484357555
0.10950241361337233
0.4955442243067122
-0.15513445349709482
-0.6112714846773337
0.7307733105565435
0.490743079525208
0.8254193977540456
-0.24223033623747992
0.887526144448493
-0.6045317963230299
-2.3475336854592106
-0.7586411951876623
1.0539896185338031
0.6811160763802437
-0.9984371005432087
-1.0403656946556001
-0.6857030934995711
0.49486551927798744
-1.0346107143205903
0.5465369126204489
0.3380383159051372
0.4468942168148275
0.4218924740562402
-0.0390906541811444
1.9299853106445113
-1.9457797413067737
1.368452410426066
1.6160422309894082
1.5693369730426285
0.19022813516007464
0.05050714957046565
1.0469153687774573
1.2520594239864187
-0.03679792761248152
0.2624294677872087
0.04967028279489419
0.45505177683343007
0.388051877599927
-0.9919260434636576
-0.5001816635436886
0.2803185178694337
-1.7253504193182345
-0.03480903078156694
-0.8748349136467031
0.5531949765742281
0.49848911333016227
-1.257178544582073
0.345016371076141
-0.008002634910285036
0.24858860843559077
-0.11774787645152174
-1.4486759056743503
1.4545898385472125
2.0778946196567665
0.8167989293964786
-1.0461810417361288
1.2500198612755378
1.7276893133109348
0.23264050479735437
2.6471202157746974
1.113574212971272
0.18160906778767827
0.38290064529098256
-1.6870490189231164
0.20208808904118966
-0.05239702266736651
1.3699639640758339
-0.721092545688096
1.9016169276261807
0.18368088076685185
0.404044804729015
0.041297673499487986
-0.21113705955103707
0.032051534643241786
0.03679235345409372
-0.5846862122053285
-0.4513486778721289
0.13689031073400904
-0.09961831108853492
0.17937030152563466
-0.08896011259318476
-1.8328416259388474
0.6534629504201235
-1.7156109716329668
1.7204051641289164
0.24528040100518878
0.2078421649386868
0.9643020321487829
1.8382684303021097
-1.7136062662819358
0.4334366401901698
0.6845736028782244
-0.04695591167637181
0.30755573520110163
0.47378405717050054
0.2013778374590282
-0.3560302507090188
-1.0651606571361458
1.8465578706026693
0.6271648855754143
-0.26170153193480095
-2.975131411407849
6.419253420266369
0.235916280030813
0.1308021761983308
-0.6154125596953957
0.04657456399018842
2.1890555206549145
0.15860258637394214
1.2202043125296147
0.40236079812937386
0.4472268160663959
0.09272918879027453
-1.0687393191674674
-0.19020322961241876
1.9299853106445113
0.1325657628209056
1.1143789293801103
0.4968155865926714
-1.8052962955431187
0.9190890513751032
1.4925102163281467
-2.558826960818541
-0.39022913851889174
1.4821341621816893
-0.9863261031521349
-0.39961498090575837
-0.11997727513678069
0.6183840070990984
-1.9755206669290335
-1.2421520356120805
-1.653325967581424
0.0745720547606944
0.05527538474951188
0.9782487848005921
-0.04306124949452648
-3.201208625910254
-1.7115056511602793
0.10634978567914288
0.02930482383289295
0.16422507447174728
2.326158257481235
-3.7963853602672697
-1.3444081475148146
-0.9763243031711016
-1.7115056511602793
0.9460925245608224
1.5295759235622086
-1.7115056511602793
-0.25766122488217164
0.04864593585630056
1.3517510377640574
-0.12991088233380654
0.29513337459995226
1.37568567280776
0.20265918401870708
0.14656518638326915
-0.01867485108884448
0.01289634335651138
1.4596025826418813
0.6304769827433774
-0.2287934700443774
0.11357673396232204
0.6715398030504012
-1.748443989008844
1.5262875155726763
0.24799458006410868
0.11734553642756773
0.28563977725426715
1.6751877169530576
0.7106694932736721
-1.390513241279549
0.11700622758340284
-0.5120843372301269
-0.5459293260945861
-0.2082577905256593
-3.0533016568763864
-0.09269827762116215
0.5952472256683052
-0.5771182462931692
0.10950241361337233
0.2079289405133296
-0.7150460392596127
-0.0971364987675098
-0.2350725870287435
0.35658458275569305
1.481885517416491
0.3828508468459925
2.1582665132848367
-0.04448973741682061
2.17726782512429
-0.16984092981742321
-2.2099830216078775
-2.6869065689131304
0.3594616252054579
0.6224641411027486
1.515792652193206
-0.0911513798366298
0.10002821772462184
0.1550999489353037
0.1297994479552645
1.1239786318476463
-0.3005686678101311
1.476798109621242
0.7957314254579846
0.18524725398225605
0.5743117996479098
-0.06512986007727495
0.22855670421283125
1.0850352429065953
-0.38687167665075584
-5.261486220456326
-2.805145426119827
0.6341466105508704
0.050003765433472736
0.5523136327744551
-4.379842987157975
0.49257046663652404
-2.2179903985454277
-0.6019578056668793
0.5722367894006362
-0.01050216550498434
1.2192239153864604
0.11443037172261106
0.5928753858083721
-2.949689889456568
-1.2088828965510476
-2.928170849493898
-0.08140850034698321
-0.20011505371299865
0.6379674709184269
0.04869378542508829
0.8686716529797606
0.2971097161763464
0.22480001538024758
-1.758689123756635
0.00435390071165892
0.7816233379648267
-0.3695439299559542
-0.996258039274426
0.12118534387575552
1.2588298377869451
-0.26954057570004747
-0.1355407014902924
-0.05619244013713709
0.40360045206411327
-0.20619735907816616
-3.6072558557255237
0.31468625474027845
0.5113438448674488
-0.3242324373997662
-0.002144170552202229
1.255916379247382
0.3831096689243161
1.0408379218016026
-0.10087308298670233
0.03516067903113074
0.8100894718422629
0.31835431719043716
0.0786721080262168
1.6473927560281052
-0.914308705880071
1.8822609538691877
0.7570353552762589
1.693642391442879
0.3313770455614156
0.05817135004891222
-0.8149522928643813
1.3014764885962622
0.18520873935684895
0.9512510953950944
0.8747838268690431
-3.055358954064984
-0.6083666854784451
0.6537244082285698
-0.2544283971454388
3.9075965377953366
-0.14569388967173735
-1.3632855459826745
-1.6615572035386488
0.21244288589498672
0.07573828465904092
0.7294994124102044
0.10505777444938919
0.5042865162730509
1.7919479891413819
0.03703427680849236
-0.4960135408862798
0.45767651608752385
-1.613056015234244
1.2889318694685612
0.11104592352270518
0.23836350508415705
-0.5499465404934584
-0.024238340731983832
0.2682944280865966
0.2036383403973938
-0.6629566749105285
0.2723083642506201
-1.7765677816242649
0.057858161555909726
-0.12379940082306587
0.6599600213474079
-1.9326160871372473
0.1746082456786307
0.2679480559681972
0.053078974044576954
1.1128732807412256
-0.06453583380720607
0.39000555218564326
0.7800645990687876
-0.4824958012073756
0.4098071805227862
-0.2879147662975675
0.3669367812577257
0.15282481978490348
-0.22883228206119433
0.43738011761783036
1.9726120857926555
0.15981691124456937
0.01895917726973384
-0.7992033609175058
1.1087306735557898
1.8089040792632196
-0.24562966279800097
0.07835778487115519
-0.12885770832265486
-0.25362073217622483
0.27357951303759004
-0.22433048855821652
-0.0301821864392377
-0.28372908275594866
0.03761513397924926
-1.7115056511602793
0.3330771835104223
0.12953551990638384
-0.10886265078671592
-1.7115056511602793
-1.3616721959114355
-0.6366729798495689
1.1784258362906237
0.1989260075962102
-1.3990172564015153
0.08747182588429409
0.02951808909986192
0.7296826076074328
0.25876893781234317
0.12999369036547703
1.3047831013364353
0.309401781197242
-0.8871308522233864
-0.38828636527252447
1.4724591701287955
0.39481405651000145
-0.0028151694244721304
0.8772122833322648
-0.8226024976728311
0.6708006607906422
0.4359567211333889
-0.33247044264003167
-1.4479208626696085
-0.476657333124434
0.0810422366293706
0.563526370014189
2.178166954387047
0.5296900579387491
-2.3295976762648554
-0.06909933979148819
-1.7230306265737
0.07389438948140448
0.5797190529700357
0.4703525007207862
0.1812102253484022
0.045936407352934416
0.38893933986744694
-1.006345870986459
1.7242913307574557
0.832346591484431
-0.4618286079260986
0.47378405717050054
-0.7514590554115832
-0.27878790047021834
-0.11753962837133401
0.42012202977433777
1.0920385598412872
0.04300981001188375
-0.752565433787187
-0.31477433384998477
0.6235468265694823
2.302304679204091
-0.24921281931815076
1.6213680531429533
1.52419111174159
0.6424654619310011
-0.02966066759359165
-2.180232643793966
0.26723594240080906
0.4506662195456108
-0.41776532624918106
2.155319184828569
-0.8448147429761028
-0.010572525613444406
0.1923293396832919
0.05322735957609029
-0.6896357512211575
1.8420425714320565
0.5795431850404557
0.13685930886607772
2.1226462046860686
0.1304675240583943
0.20348114315414478
0.7322583088389534
0.016510029999886378
0.10535494045405308
-1.3602682775001032
-0.02813354849726729
-1.8395602400290691
0.1978203088295014
0.46134040153136624
1.295319034552055
0.40360045206411327
-1.9505502489261133
0.6874641282675841
0.15184609626659476
-4.264968104471744
-0.30191316140120883
0.43548147220385347
0.4284861346945155
0.05888294473848338
2.6382674214293256
-0.6504606038149063
-1.3398910333442604
0.20048502900604787
-1.6262391762074393
-2.180232643793966
-0.12626024558315485
0.2663712416631104
0.10741124696607762
0.6640382825426147
-1.7136062662819358
-0.7629582880394031
-0.7342183462773196
0.000504504021668184
0.0926144640818598
-0.21335853792523335
1.2974892724786882
0.3083128346877413
-0.10056457133151542
0.16123352517847217
0.03718148685582939
0.05291134918516066
-0.7986583705412815
0.022148235447833675
-0.7508993472164369
-4.245005665920205
-2.833555566427975
2.17563335989736
0.7120925357733233
0.11734607576696093
-3.239927514241517
-0.4556588090574132
-0.7178759318100192
0.6989309660590104
1.0061578936952964
0.11734607576696093
2.54096411424043
0.13796948743037962
0.44474912485363516
-0.19668076939220225
-1.3747646480533446
0.46748165222718907
0.03049119085162022
-2.973918243122946
-0.4601838682687229
-0.07107563898495206
-0.44135182142615115
-0.5828739683086414
0.4049528524977711
0.7427210161006028
0.4199660286548944
0.46269191323379627
-0.2553420880851129
1.7242915359616002
-1.0308759929805218
-0.44105487619558437
-0.22858545136426872
-0.5868292463081017
-0.9361389438803145
0.40633319855660155
-1.6698390288831066
0.2592023256643653
-0.20668897323879426
1.0133524540802379
0.25742253105214835
-2.834401491540537
0.22288711858767912
-0.6635673961005599
-0.14106792548625746
0.45090507753748243
0.06104305112238584
0.16588671101742278
-0.1057292888488836
1.0524342340610253
-0.3022177923142261
2.1226462046860686
1.1618334784316162
0.9155004614221858
0.8186811179475704
0.46261326196644154
0.09238273307621553
1.1603643444299774
-1.4479208626696085
0.7088724893170651
-1.7115056511602793
-0.6857030934995711
0.35008616624749334
-3.6421865212551983
-1.9710151942317886
-1.6629349956484973
0.07792686676811417
-0.6225724600565938
-1.546253287878631
0.6564837941072346
-2.3425942489661136
-0.274887356862407
0.7945061809036369
0.9286039715095127
0.12899705546976248
-2.005425013750902
-0.02205611534207136
0.025511723616124915
-2.0093300418134805
0.6034409093046726
0.05548841578197289
-1.9958559034938457
0.19469750840291933
0.4202944725011911
0.4121734642106929
1.1775315073572012
-0.7805883106481928
-0.9211372817967629
-2.1288647805229037
-1.046175872849593
0.4646396429893352
0.9237451045695437
0.3997784823950878
-1.2822832988407884
0.15792971017526014
-1.3943617930692764
0.5519757101140571
-0.2865450532814317
0.1952175929960312
-0.2557617817255009
-0.8221568833529772
0.20139115300228808
0.03992856118458993
-0.9142893313514384
0.5722367894006362
-0.44299768670230877
0.3790759734975213
-0.0013354256671924691
0.10973464278244986
-0.4353466598628799
2.6100516964432523
0.2308821060818328
0.045040621605828224
0.6165848011937585
-1.5525285543795957
-1.7115056511602793
1.9869956480114799
0.3042607400087136
-0.0003542539574990511
0.11164647755813828
-0.9029612428919563
-0.47544161002678265
-0.7531674644163187
-5.502706646537277
-0.2425701840058959
0.9199791999758009
0.36379001223740987
0.5794575882601082
-2.6622228819476397
0.67657393699186
0.16283569563639516
0.096967606265495
0.3128885228962063
1.5016616253638104
0.37990742069440137
0.09085925916920062
-0.45833504007995896
-0.14958670827395687
-0.8940763998922945
0.5800080443079434
0.24830942706272002
-0.7911060184260936
-0.7613605280336762
1.4577230607224378
0.5231637165731429
0.1476752769955461
-0.3473430579792781
-1.7115056511602793
-0.5174458752908525
-1.1276824466617472
0.6401093340331032
0.10164757560586712
-0.044775051995641635
0.018275807650857345
-0.4472097072937154
0.8742835174014432
-0.8875565498809714
-1.9056434497279677
0.6012433252248444
0.062265226417058006
0.1322698688460492
0.4019036067005314
-0.1456768019633919
0.19898333609795782
-1.5896312039907952
0.03838225197286487
-0.21028294587771873
1.1270233761618804
-0.16333344171850306
0.7587078976850483
0.11932413291784638
-0.030126829394630905
1.3726904730318488
0.27842446482634564
0.7394051530436522
0.8167968702586879
0.02780303547363977
-0.2154492641477776
0.8335439416502177
-0.296480376661429
0.4866905921368987
-1.0713165563175857
1.4940712350570713
0.5581111095769091
0.38197002525137946
1.7133344164782767
0.3381852669791336
-0.08668245081383641
-2.213202150972397
0.2169172732605285
-4.342493011914981
0.33801300315331156
-0.5960700765229394
0.19338316206168732
1.172860417573993
1.604173308469669
1.5405681116991776
-1.4479208626696085
-1.4479208626696085
0.5955752504986906
0.8660830415939301
1.9518527451453376
0.35801678188094493
-0.0821296775358597
-1.232306362257376
0.9473669593798676
1.6918484217489478
0.006868729260430861
0.1584668280917252
0.8169714416594489
-0.6933260438217772
-0.7617263577219547
-0.28429995021545995
0.7097595385835404
0.059753698509180886
0.10630844937298028
2.642159545299087
-1.2893056264455658
2.522952647669082
0.25876893781234317
-0.5518337826266917
-0.2551544724614372
0.09088810088793316
0.3329390308221457
-0.8248445716534516
1.1074731921262821
2.116939363339791
-2.180232643793966
0.08080425250107681
0.059154580732060535
1.3120506349366228
0.111825131242227
0.028151948834781948
0.10046167666619871
0.020556374609421946
1.7242436511930388
0.1831698739555372
-1.242298328414502
-0.39676380172963077
-0.5146048468480474
0.05025237864625154
1.6372081552548903
-0.15776464814060476
0.048394012216836285
0.594275231521406
1.6655543377574764
-0.3395398500722379
0.2247839375894889
0.05656361577088864
0.8447218682388475
-3.2108165465549074
-1.6262391762074393
0.3690567332538738
-2.180232643793966
-0.008937646755731998
-3.3157378060834937
-0.0018321704548230344
1.9006173597416398
0.5949581708232299
-2.07470231943648
5.413314035248783
-0.3132450226002443
0.15132642531943952
0.11282629689883403
0.5329747693828297
-0.09322524907116858
-2.3820961487877357
-0.19838067937252007
0.12003461087492354
-3.1760832724675105
-0.2178405811603456
0.5722367894006362
0.09085925916920062
0.11630485724279771
0.7974041151604365
0.3490464165486126
-1.232306362257376
-0.4590569242216903
0.26467929117794
0.05659709879802699
0.24536424489853748
-0.8234380750946286
0.020907082831214563
1.4608090056678362
1.3716739363595565
0.49049147385104597
0.398731915514422
-0.9530834083776325
0.43938534186374184
-0.24199692902931869
0.08355452974885486
-0.1679350024878049
0.2624549326488736
1.0589838048482372
0.18133951487302802
-0.08945299335305984
-0.08173780557766924
0.15856997577554005
-0.5034421611549598
0.10002574812000548
-0.21061069109003686
0.3171451611712625
0.7324474146053044
0.137225948803207
0.2829002383369414
1.1830702553829
-2.136286042031235
-0.3148989124064688
0.42551255065907534
0.1856588822485124
0.03811343537724987
0.31978238417425414
-2.180232643793966
1.656746628647519
0.09259222235792469
0.40508029042647387
-0.006724204130450606
3.047675691267445
0.36862948124016537
0.3269124303550453
0.21908368268873096
-0.029612246105399198
1.032984612262004
0.860329086262794
0.028802865516797782
1.6742730838319873
0.6458210736435139
2.714312808094099
-2.9757438935785707
0.10167546242336173
0.382520161140942
2.3470006798570946
-0.5808739061253989
-1.0509689584390065
-5.727941628827737
-0.05562376572839989
0.30822137675940225
0.08284460901191243
-0.2475729914456513
-2.1180713692570796
-0.3201838846675056
0.7946692919903035
-2.8433693119818875
-1.7115056511602793
0.007324407978852254
0.5087406432622812
-1.7136062662819358
0.24686090365268853
0.15258636519128754
0.5667633648663551
0.5910600802737792
-1.4294322723386585
-0.5512767893308586
-3.559053974232018
-0.8295555514730018
0.029950506650380973
0.18221873667966904
0.33290122205714534
0.0626202310742433
1.043443874418806
2.6712060679793663
3.6939814701771065
0.28049696433964566
0.21572117046095257
0.4267951501167883
0.7310524670262225
0.11278402906987006
-1.7366386123921504
0.037704756532871975
-0.7291587308124668
-0.5977660804221827
-0.9046844217374724
0.01690606842412057
0.4074652694351142
0.22790114699944264
-1.407898530713471
0.05968431960774545
0.5411764305236196
-0.6427954118896416
-1.1558635204294454
-0.8052009277487544
1.8430030424236352
0.10092821711386302
0.22979681159209592
0.6304599981236567
-1.7136062662819358
0.18876575482194236
-0.2516958093429477
1.228118759225796
-0.41116913338696215
-0.04837470670232358
0.5315807566751193
-0.6056669497477444
-1.7115056511602793
0.29616843701017914
1.233965309296319
-0.06242028355066087
-2.4640539102399703
1.7242915359616002
-1.9580706049171495
-0.0007925524454908683
-1.5097540082918317
-0.1968980585690537
1.3198666726711334
-3.730425433200508
-3.275292541366604
0.8366209775310061
-2.753252652041077
1.595587265712451
-0.6057782047838995
-0.043662139898497376
-1.8252617810628127
0.39601497874432007
0.19033263031528858
0.04291121918876045
-3.6359811819780514
-0.5466403703007261
0.28814589957092057
0.409746424697329
-0.13983273834231374
-0.25151177767657257
-0.6928656800280479
-1.6697588362340268
0.3277651743996769
0.8018461697298986
0.1566294929508686
1.097324981495172
0.18306252739477924
-2.3820961487877357
-0.6812416234577487
-0.4245770129987356
0.5627213572298329
0.88481928554757
0.36552958904339183
1.210806002771611
0.9247441266465449
0.3199874361043389
2.5486144940707645
0.13366052389237493
-1.7857624576924878
0.22566251759009842
-0.07703967164268455
-0.7127093972010231
2.2598918844814144
2.2917856683095335
0.4546763753440388
0.3878552000761106
1.113574212971272
-0.0020404915619565145
0.2922322081320387
0.006611529672237992
0.09085925916920062
0.7855347776170937
-0.04109501819481666
2.0451078712292055
0.9681732598672063
0.39549798248576556
1.5455392538889285
-1.084305575011825
0.2459926950713221
0.06681539911324846
-0.3413655041738323
-0.2730459995932213
0.01828322939421076
0.04505998388138094
0.3583621988126952
0.26149551378866287
-0.5062577771919166
-1.7115056511602793
0.10200439211255241
-0.27296355852181886
-0.1495696768150886
-2.176297594455892
0.09484428526321426
-0.7133532470172407
0.4877541863793368
2.149564710177294
-0.6658097735331081
2.326900818389646
1.8436621386005216
1.656746628647519
-0.16085046519991725
-1.5132088752836077
1.236377173355753
0.554451736214581
-3.2033086659661256
-0.8550347934727816
0.6557078649879661
1.124579589487768
-3.9612799135227266
-0.035140402468304244
-3.39049076043166
1.7111886393361018
0.15276895909520205
-4.146888948342948
1.3737043780113893
0.17339765478171942
1.3796712983595536
-1.9055102717644705
-1.3149368172063682
0.47797897982280657
-1.440488240034802
0.4119887272520413
-0.5395634620246917
-0.13356937778317896
-0.2290908915137027
-0.25555340339054444
1.6771571544478001
0.7945531196713941
-0.3957032691659275
-0.30460829632039543
-0.5242369057225622
0.6553481915687871
-0.2370490671404562
0.06846668694026031
0.8390178718027568
-0.13662990672934233
0.04574706063432199
0.08210772118160087
-0.41812964056299373
0.9792851891987272
-1.5531704650089395
0.19810269540878236
0.21632870754331113
-3.3891620708119925
-0.3992824980782926
-0.05224045527487686
2.1285998304406295
0.07460785062381659
-3.350906779615381
0.344616072038653
2.104375619824308
0.20774308933220387
0.0781781940513423
0.07871128758431117
-1.987264597858186
-1.5693917432158808
1.575306793628319
0.7048273524058752
1.9262400430087654
0.4187678639514206
-0.13459175168702295
0.366628499832793
0.037880041610546256
0.5338538032619691
0.6576904167094568
0.4736944767359426
-0.44130916477674553
0.4085594987316016
0.18750837592655112
1.9284121837900172
2.325578901517934
-0.5904808539809662
0.2513421143450411
-1.1526637730554259
-1.5926774828378154
0.3142796517300399
-0.09616763204278167
-0.6078557818561144
0.11587153796578387
0.028006909921861556
0.5133194939143586
0.3865377364909554
0.07877944184039498
0.25492506653858044
0.4169380678580039
-3.821181110751999
-0.2915506007328975
0.2750451869036811
-0.25542894570964747
0.026611353730280563
0.08372655046027333
-0.29183430882298805
0.09044624988779992
0.15215753146460037
-1.2965486987083952
-0.7613605280336762
0.2206036703327019
0.11546959186904854
0.280145846211557
0.7025054053521335
-0.7741388501528853
-0.2591844815281166
-0.023781111082336215
0.079533881646915
0.9628387978684787
-0.06693039680834789
1.180475044965397
0.539167971610923
-0.03270900946084565
-0.8580238443405388
0.26198327730247567
0.21757148442254642
-1.0993287173225599
-2.2592352233743282
-0.7613605280336762
0.34175366040817096
1.0989030686217378
0.6327122903898503
0.21763901728423768
0.7022783662440399
0.578029241722354
0.13214667709589306
1.0480962623309378
0.2602321960480229
-0.5322184599555072
0.083804637534797
1.5648891533673748
-0.222918882314898
-0.09304586719610891
0.4231071391349123
0.5722367894006362
0.6699336272706854
1.4659334574433442
-0.618632319837805
0.44519417923748367
0.006609580580335672
-0.2984857227197261
-0.73919083185295
0.6287870663616666
-0.3504554541430924
-0.17490577334836882
0.9248917259461985
-0.14106792548625746
1.5621930081128512
-1.1147394392225891
0.04932752489647313
-0.30795320891109296
-1.232306362257376
-1.0364116825066874
-0.05457835051898474
1.6646045747067597
2.99339342575018
0.10766632096934316
2.540963008977578
-0.6336246240521306
0.34717030661625525
-0.5471485802915924
-0.12595972909334618
1.9299853106445113
0.4194797832451369
-0.167933703247867
-1.748443989008844
-2.6622228819476397
0.14008566802791245
0.7392614474041781
-0.26911024418342766
-1.7115056511602793
-0.5167969954755528
-0.1486557232593289
0.8425237267767841
0.29218175449553047
0.037248232777963075
0.41712880515066736
0.8738306521917947
-1.908010137878306
-0.22430098644642887
-0.5866889623940151
0.11736342403721939
0.2318926276199268
-0.6098866299689283
-2.91646116375116
0.46417421007654924
0.6081471240488197
0.1941976940033866
-0.07647157436738694
0.882465568961515
-3.496959774825031
0.08337685573141607
0.19314336803169263
0.21460218900947126
0.334756948365482
0.23121834509904637
-0.19144078915453977
0.12398801264621262
0.16158757897776715
0.33290122205714534
0.5366230762503348
0.06695617033046286
0.5161939742646361
0.1646289574977733
-2.1198985528741416
-0.45196767425051865
1.690076361010586
0.6401161242729607
-0.006895200698219167
-0.4002038094949062
0.8571933687321285
1.4608090056678362
1.0004842928393813
0.49551169324739464
0.5496922050171745
-0.8495941245250758
0.06893620010595203
-1.2271371421916826
-0.2686219974058244
-0.1753381462663155
-2.0428734937011392
0.34088142628489915
-0.8446814590161164
-3.7566322683017157
1.8436621386005216
-0.638230329195081
-0.0775692736399673
0.895634410072192
1.7256345189721578
-0.04349493825292679
-1.7115056511602793
-0.616900226234618
1.7544355039460804
2.6395243540153137
-1.0868233787787547
-0.15668036578820552
-0.08960052697991666
1.8077243229520106
-1.8341609981139646
2.583049451399399
0.08139367022664534
0.23351180059562981
0.29618034760622636
0.2073704540716017
0.6475519376075137
1.6544763966256228
0.8472791674168418
1.0531596064086184
0.5702597893005011
-1.1251126812949068
2.2849020117778522
-0.4192803791710031
2.7212654290284783
-1.7115056511602793
0.8335244076718679
-0.5508762257257664
-0.3335214301672339
-0.7653715897536536
-0.0045097910997607404
0.5302527020263578
1.028845913216839
-1.872251465413442
0.24480952444724902
0.12957840887844096
-0.31582557132789635
0.08909751691770684
2.3135077289413886
0.23095181343843096
0.6668999032119625
0.1849216176539561
1.575086680626783
0.04026684280637849
0.467210094135527
0.130140722557765
0.7850726875401753
0.5549393052283909
0.7812800410412231
0.01637655977603747
-0.30911723260571045
-0.5201127274256914
-0.32764804420864513
0.12850569254019584
0.16307464394506077
0.33065451019405856
0.7842412330948241
-0.3160965129041526
-0.7287968443169911
0.044492183861195106
-0.03557234466868198
-0.05816309864439567
0.26195781260681483
-0.3260553242829441
0.08629237817004953
-0.3857890945500544
0.6401093340331032
-0.4205561416990756
-0.521544176986045
-0.5476495887230557
-3.327505224685714
-0.7806256354722396
0.12958627558274016
1.7935685687546232
-0.3229654995740426
-0.5106657671473499
2.4709121395974147
0.04254207590230091
0.3496409102264113
-1.0305077667736002
0.18521671904936277
-0.03808640603640212
0.243422602822632
0.758625936995924
-0.12887716784996087
-1.1291637353360002
0.6349902960230066
-0.0004866190221460287
0.24546693321669746
0.03679155145398383
1.7240035674272411
-2.1689226384299003
0.329240232977613
-0.8739928822848366
0.48127831130240134
1.0756514911741561
0.21261479226467028
0.16242282541749603
0.12267887339743283
-0.47989191380157736
-1.462643040251887
0.0879378451154571
-1.7115056511602793
0.7646404190561515
-2.156752988964525
-1.3616721959114355
-1.7136062662819358
0.036182672337551014
-0.09021049537387898
0.2808407609536671
0.34603327522046146
1.1601822652041809
-0.6720964568832171
0.7521661322476614
0.23771986544288903
0.07995051961402366
2.278750804025651
0.8301227424358597
0.9235543624837252
1.0999744166121486
0.33796987903387804
0.5258266683239096
0.09867789068264476
-0.8489257484242931
0.7550965741611173
-0.6928784697471353
-0.609626106807501
0.08422415672809097
-0.041843604328570594
0.044467030520236706
-2.4188628194290334
0.4322010981542176
0.31072286926213055
-1.01029436367339
2.8152472858664126
-1.7115056511602793
-0.2468180472178595
-0.3398658443905957
-2.180232643793966
-0.6747523340954837
0.38409102667810957
-0.04454271648266847
0.5471509606385044
1.4617091949143628
0.7197161263406797
-4.658054738525289
1.7242915359616002
0.3586458385004102
0.23778809570465997
0.21592085100828512
0.2472502063777111
-0.9725029085637307
-0.10554528325411625
0.5890607540565754
0.3490464165486126
0.23548631937087594
-0.023228741167369032
-0.7798596269730971
-1.7136062662819358
1.5686540070406447
-0.09225138772329078
-0.4134685133181155
0.7597013523161026
0.05811473010439949
-2.111062414724582
-1.7115056511602793
-1.4940715222157075
-0.8441769227252676
0.3425791841146224
0.4667960701178738
0.10950241361337233
-1.7136062662819358
0.22292747439987232
1.123810304206941
0.01121952687636818
0.26515192771535645
1.4838672551803869
0.27125591128337495
0.8439888546057049
-1.7115056511602793
-1.4486759056743503
-1.7787095991570725
2.2077548158550147
1.348369814929342
-3.327505224685714
-0.16198942078005896
-0.1424990027331835
1.187545734193252
-1.630095832454337
0.382746695177788
-0.10418216722784271
-3.693673689996994
0.2145488877469628
0.3013397663601206
1.1988292818976891
0.4634580428111442
-0.7253656461066558
1.4023072505918037
-0.00995731178702658
0.970748322859837
1.752356117022412
-1.3599173293032574
0.036206015136146574
0.03675115754975446
0.9950765956522158
-1.8666445536591771
1.912883183964332
0.2493633425143737
0.23997706729538554
1.4270900028453917
-1.9735132577818262
-0.4687012006878027
0.33097354553400565
-0.49156021731093286
-1.174880287685089
-2.15595159093036
1.2970385058825964
1.6740183124732064
0.8588952588358285
0.4529071007689813
-0.19674146513105467
0.6119911971023598
0.1908026116035425
2.3937669344962993
-0.7531674644163187
-0.0015054092362847271
-1.7136062662819358
-0.506668975531628
0.40115958644201605
0.23287916694144373
1.1270297081637606
-0.091951869927829
0.0810641439443332
0.9679949236386802
0.5549572331821696
0.2920932133845535
-0.21061069109003686
2.1497988472566205
-0.23511010816291722
-1.577111843190906
1.1812583721601864
0.14711548074914937
-0.5339912202755733
-0.4638713512238398
-1.5859020900819911
0.21589030175685042
-0.14385926366452967
-2.503347131730059
-2.315420788328021
0.10048510807540662
0.16282408345282512
0.7204851557332863
0.14094971243113164
0.9705003728562746
1.702873698287871
0.07869168629416473
0.8430656385587405
-0.4477331198820054
0.13702086158327142
-2.573423849691502
0.9102547626174066
0.4021213850908646
0.3839900126676972
-1.6615636990084797
-1.2954912170403792
3.8459799339537675
0.8285249833715946
0.5534526540748602
-2.1089554719057255
-1.1147394392225891
-0.07420978913646947
0.8014201153526279
-0.3750896558181548
0.20018106683747683
-0.1186684302151903
-0.2434036726931073
0.10693038249271158
0.1479925193934558
0.13203332456427908
-0.00599844813352246
3.462702878992929
0.0001233992114736404
0.08548575663954378
0.16416977539765054
-1.3652444614597343
0.12308122862040372
-0.7036398633842185
0.24110216829327896
0.19453196161296937
1.3042939183291067
0.05399053934859499
-1.748443989008844
0.0634459153245745
0.20497150286566818
0.42462925388555933
0.24168039070732983
-0.40271916417016795
-0.4227885356831959
3.242663349123979
0.32390237891155477
-2.2644553402987047
0.22751984110454404
0.57819161857662
-0.45497187048383925
1.5231255341317176
0.6940887410809149
0.11194228189239719
-1.7115056511602793
0.3425002155800382
1.1848130975748914
0.7087047270515037
-0.1378292022104125
-0.17319275937089265
1.6850130912121457
-0.24578140358408576
1.3913057265226145
2.246235182417617
2.2789747610398132
-1.6262391762074393
-0.31966775735929276
0.5722367894006362
0.08792733259785102
0.17218861694434734
1.3345417904118642
-0.924701714176096
-0.43679585341104454
-2.016393162656045
0.22370719749467116
-1.980631799923189
0.13904683285778713
0.32376258748589926
0.11153479729818627
0.6290520580939061
-0.014946764710544014
0.6920891260916131
-0.876117825221411
0.11965967294802593
4.023746714716049
0.40374019209353884
0.8008481486296128
0.07059404038628031
-3.327505224685714
0.22985852491670322
0.46170045382392766
-0.3620007607229946
-0.17726284691600175
-2.8750085135825527
-0.6395082536141893
-1.1962176704296945
-0.36989206407042047
-0.2434800672581305
0.011444329497275418
0.057591288418000985
-1.0659747674490174
0.32217187197495717
0.17751566308407835
0.25476727946689026
0.29115791722240736
-0.1241798270523678
1.715091095744474
0.5144730706989259
0.03921313045481889
1.1988108913525604
1.0843598595087096
-1.7103300991234542
-0.21931992878260773
0.2981856647266245
-1.1205464157729534
0.9315976886809242
1.4855865853362737
-1.7136062662819358
-0.1048082767743174
0.12426453334946921
-1.1156082513518912
0.7120715390892626
-1.7858988819139412
-0.40974353563082033
0.42879181970247315
-0.0025348767937545813
0.48375668470903677
-0.719361545410476
-2.417921813723168
-0.23798953921256133
0.300304346531767
-0.11260477035637895
0.07439454426034237
0.15006048218625087
0.09124780776086135
0.677671765887144
0.5037111253590949
-1.9176664180970042
0.5219728109298987
0.7964053072715199
1.8991778716865815
-1.5926098164394766
-1.0206740983955167
0.10898325803851255
-0.12497673627280997
0.7722764193507828
0.2942628384932573
-0.248262667571468
-1.203367520971711
0.7295309009462101
0.5722367894006362
1.0373192966466367
-1.7136062662819358
0.0809560354923402
0.040503553801878034
0.5968266299779705
0.2511406789469694
0.3418643294078962
0.35885026699615385
0.34774159780309377
0.2280611216634062
1.4323732470771986
-1.6785474024601168
-0.43191227092723283
0.5847349944553057
-0.7936127045010916
-0.1587698055812034
0.3935131426757882
-0.8436876843251222
0.6609173273504041
0.5323812566205683
-0.8292713518966448
1.1568053143328245
0.17749727933220005
-0.2398264264438305
-0.4090735163210259
-0.031029589898959042
-2.3327331274506635
0.5776436172795181
0.7742140136270683
0.026421482914295746
0.9973297252546285
0.10820116765155063
-0.5765939966554456
0.6474110649272583
1.3159549340772028
0.3831899923261651
-0.6857030934995711
1.2916495561826806
0.1938270304231709
2.1019949657409716
-2.180232643793966
1.0710476699080531
0.33370194540254483
-0.09388560648348254
1.2069680246353343
-0.10469662199969659
0.3434269667640904
0.19711952675264816
-0.9806810175236768
-0.005476460582172993
0.02110782178330084
-2.0462043621898145
0.19403448858104566
0.6336220598908321
1.1589447220176872
-0.5401760135462225
1.18420862442137
1.0945980838402267
-1.748443989008844
-0.08359170745548411
0.8383434979284712
0.3605895305959948
0.027423416388133004
0.1809673913812731
0.34800605639802734
-0.24999896636913627
1.4616994724488648
0.553986334293134
-2.948967707707038
0.5317889199207242
0.1088563814555768
-0.05699884741290889
1.045348008243863
0.25338345812823626
-0.3454344895070207
1.2487519113360293
-2.156752988964525
-1.9838835804738015
0.05839327900712055
1.7242915359616002
1.4557129555756367
0.23323184626025084
-2.097019066922347
-0.4565228458761873
-0.1176779222524556
0.9816340780754517
0.2966591120766363
-0.9209057890782897
0.08853803609114742
-0.3751547362638281
0.1355427177960002
-0.5945159087227374
0.6625311308398569
0.10923537288712443
1.4356615831021837
-0.8016614371137912
1.2230847707968078
2.7132673883307787
-0.16451289422818188
-0.08985205691344411
0.8714674800233355
0.1451028195549271
2.320925691376173
0.13829353027004715
-0.7758786040902119
0.5826709141072967
-0.604385941113638
0.7286544642673289
-0.04011101389622179
0.45772003524757754
0.5549066043632348
-0.4917936087521583
-1.7974482311049793
-1.6367765846834799
0.08941203854525509
0.6160052051717968
-0.4662091022134819
-0.9342739422521202
-0.401005333230054
-0.46835726439532044
1.5429030923359326
-1.7115056511602793
-0.46250832827053745
-1.7115056511602793
-1.3475729458889432
-0.09336673365905146
0.12950058024074063
0.15276355849812706
0.3267336271121173
3.2587608842445968
-0.4999272452943092
1.9463662706038614
0.553986334293134
0.8451567074477787
-0.24988284921148252
-0.15410800773582622
-0.8840820196382948
-1.7136062662819358
-0.35022946992141796
0.20561568080776416
0.24788524030358217
-1.0918765595568705
1.913189141339497
-0.6719998791610389
0.6941892780080339
0.6518274818325487
1.331755035921429
0.2940565588904987
2.2838466023067086
-0.9269078426914588
-0.1302353025558638
-0.0813318612546645
-0.27163594973710176
-0.6153888825753312
0.38763100358990377
0.5031928177528333
0.8588451261971937
1.3796712983595536
0.45658518570152123
1.4036481871794162
-2.2830190380093627
-1.7136062662819358
0.7709093494204362
0.055613938774686233
0.0852838708355509
-0.04289131008876451
0.5491702076425805
-0.43637849065355616
-0.5013893163512878
-1.4486759056743503
0.6548548275019367
-0.4060649455495785
0.3893172629174421
-0.40987116938099816
-0.7531674644163187
0.0694908682993442
1.112868546268948
-2.6767427914358106
-0.9225010082197591
-0.8444835345116865
-0.6643771795059793
0.9978448934779706
0.08914255630009643
-0.4642645458681058
0.59860604443848
-0.5843161381507495
-0.3888484079693635
0.47892359445298666
1.3899475865375233
-1.2182858272936918
0.5342557804488579
-1.1962176704296945
0.308275236429297
0.8243828785235108
-2.0926401833086716
-1.9089370452157315
-0.2113406442053069
-0.14488316525274614
-0.00403644965261693
0.39902651712680737
0.14997723626130927
0.8094425629727922
-0.7872574116079061
0.3636891140941391
0.26515192771535645
1.0950061088207248
1.7234190054387124
-0.9750416011183092
-0.26712942949777885
1.0439651378859922
0.012097641941525294
-0.025533384235593592
0.0695376726037577
-2.811480991958283
-3.8473975983022513
-1.5084403087925167
0.9965686524041832
0.10636155785258006
0.19220493695080426
-2.836085447235825
0.43445260363720617
-3.302230931041274
-0.40974353563082033
-0.0896346274024322
0.7949757274836862
2.448938342576512
0.3553190378874279
0.12955572711763508
0.23772779094970664
0.6811160763802437
0.09229919717186286
0.6588340133931638
-0.22870808829652362
-0.739819278748081
-1.2220198741746404
-5.54265954606606
-0.6610831829272072
1.6492622194912505
0.11734607576696093
-1.3072338409052782
-1.3634901530215477
0.23957959365811637
-0.12144814657012606
-0.3372205162283286
2.0254027144478366
0.33626224287885526
0.26140679891534097
-0.04137147371629049
-0.00998457437146838
-0.2544108833710862
0.11970657246552197
0.0065744907773898215
-1.7115056511602793
2.166970173954609
0.18355423141134425
1.2795005434299187
-0.6098210682026046
0.03611645469311836
-1.7136062662819358
1.027964576546143
-0.3012712712110918
-0.21061069109003686
0.27705748182559925
1.0430702046795919
-1.4479208626696085
0.26648667885279836
-0.09106703684551046
0.42032006429711877
-0.5200045429099338
0.14317837210030332
-2.2652162483965066
-0.11318996774255675
-0.3463283583566509
-0.1626639945952273
-0.01214247048625633
0.5493280136592648
-0.866921498887171
-0.5550669057038468
-0.387761285090094
-1.7115056511602793
1.3796712983595536
-0.5946694369832326
0.13519353429032877
0.2892886925333548
-0.1820018914696527
0.4892650405904864
0.23831292623194317
0.016784373948163345
1.7242915359616002
0.6287870663616666
0.14594385861706904
1.1084785888506192
-0.10958335430108039
0.8588952588358285
0.3811693200604154
-3.9473748035015177
1.7740379377913502
0.1564579562709037
0.10411059623963903
0.28923987101159077
-0.6253517311538808
1.9423478203618136
0.6802963923253327
0.9372123528778746
0.24353534723675602
0.41476264612641217
-0.9019726009746952
-0.27527407621507927
-0.23012410937620353
-0.5168415005623681
1.7349783343199243
0.49265996598914535
0.1511377430836326
-0.3807628632753467
1.9190042195007555
1.1262440883994875
0.5826709141072967
-1.748443989008844
-0.6381953610145267
8.182471657898985
0.44671758698616637
1.0968997845032031
0.5343015653917593
0.291542452457319
0.20246123311227843
-2.180232643793966
0.9349792447397891
-3.1431513866706906
1.1925050784629387
-0.6613951811390706
2.1790861520275366
-0.507938999638632
-1.3705496177789174
-0.22145036316108413
-0.08171461062201213
-0.12287825101513855
-0.20595178082059803
1.612017405239859
0.5163520751767852
0.5534526540748602
-0.1005115045951755
2.7845573016452825
0.9147924120216988
0.7884852089472748
0.10503232159202687
-0.05775105661886944
1.234421973337551
1.21078383436926
-2.9964586137944047
1.5225035151858968
1.3120506349366228
0.5138536243917111
0.6423034540815731
0.6255051903569894
0.01904934973581951
-0.1878885030460492
0.0935726462077916
-0.3346945246824423
-0.5059732929518481
-1.3264668196211868
-1.232306362257376
1.2057872509299856
-1.7000533872565664
-0.16198942078005896
-1.7115056511602793
2.1275330959822663
-0.6417739731343395
-0.9694736231039969
0.12790862710634487
0.2057421277644138
0.4867900896684948
0.1895374535239141
-1.4486759056743503
-2.959681115057374
0.1790927314687767
0.5786505279395885
0.28915054346899066
0.08640262533618398
-3.6383714986165048
0.9310844227130682
-0.08206390303134053
-0.3615911850860549
-4.12832237017867
-1.6333942435716848
0.21167487359590414
-5.119442047008855
1.0373776472819425
-0.08594645615684476
-2.230541757301169
-0.21909692607478393
-0.6724695966001774
2.2838466023067086
0.3123578472659636
0.5773831542602791
0.1650470838330066
-0.512604931192562
-1.7471596197908115
-1.7115056511602793
-0.3442715874092547
1.9135507643651553
0.03287108582271869
-0.3914486236251736
1.0373192966466367
-2.180232643793966
-0.7924364931309176
-1.8818130890298945
0.11710218800941918
0.20245225210060236
0.6016258791907156
0.19398539371528994
-1.794680383314231
0.08885404521942242
0.35658458275569305
0.21773639884217166
-0.5771733933103927
0.13010038481034658
-0.5437195158966338
0.9239659665914177
1.611826855185261
-1.5004618090768718
0.560188818883811
0.6111514276265545
0.2508471746881223
-1.1717668011291775
1.9960237581168114
-0.061711028388130584
-3.071150257099804
-1.878410278253647
-0.5888707746596643
-0.2524242094293915
-0.9035817829820852
-1.7029270543812611
-0.07398241519679072
0.07667594074524509
0.6636486307055626
-0.795776621214833
0.5410742859506175
0.1860892325123893
1.6748307248293857
0.42032222315873136
0.0771778255492187
-0.22570681652955238
0.002312260464351984
1.2950189025777648
0.08673229636337065
-1.6686752397397147
0.6889037693634563
0.7844592260265799
-0.21394380318187145
0.13069681386030804
-0.3005404345298556
0.14507286698270766
-1.046475746884254
-0.44193432740629435
-1.8685941741286158
0.004111636851236555
-0.12640662066398567
0.1963109578564156
-0.9793726349475071
-0.14737731967151382
-0.05318984949482386
0.21167405547718543
0.08434923840020064
-0.7197218303038252
1.2333740355220342
0.8100894718422629
0.13936811868968957
0.5909097043350742
-3.1824939974788053
-1.7136062662819358
0.1857880095990898
-0.09592496156176977
1.093561181966516
0.4756654091731788
-0.6823505697527097
0.11493672271707678
0.05216227099797416
0.6088937406903946
-0.027207082989475273
1.7242436511930388
-0.643236828520895
0.11587153796578387
-1.7115056511602793
0.6073377394186193
0.23061154069365986
-0.2685932865346208
0.1206047288772012
-1.7136062662819358
-0.5178981455600755
0.8447720458659914
-0.5219562100519417
1.202381054442506
0.41888903981323494
0.42042280064106136
-0.7150460392596127
0.07350149158438546
-1.4525593849493879
0.31208743343708745
-1.059168906245466
0.10217416865723089
-0.9741129484607677
0.10099812316475293
0.3427890512002667
-0.2990947758764992
0.757974215345647
0.5736881649462898
0.13149950246147046
-1.3734522902669848
0.7669164141309193
-0.0779889490281643
0.3586105364727789
0.8864348798296918
0.007919404800442245
0.920183837137406
-0.0833326801773269
0.45581136395761856
0.294844739123043
0.04502183329773113
-0.6808753057037814
0.1280785663015982
-5.341437687775448
0.4282652688992882
0.5553570867551725
0.9265107349268576
0.006868729260430861
-1.9233035807581376
1.776580379154068
0.5315651625079063
-0.2984857227197261
1.7740379377913502
1.3484425208237694
0.5402314046048866
0.6820880180465521
1.292707070396569
0.35789327105066365
-2.1190796754008288
1.547376088440335
-0.03242328504424907
-0.4497497655611297
0.6671741804554159
2.0020000883241402
-0.2872969817034011
0.11735254789211724
-1.0512150908923352
0.4952386803571042
-1.02216687603859
-1.26656363831329
0.22312471322004873
-1.4486759056743503
-0.13672982175988735
-0.7613605280336762
0.43758345933901793
-1.6870490189231164
1.2956842286884758
-1.975362606929365
-0.500722471165165
0.4127395495931822
-0.379199175290058
1.2496760420037374
-0.9802055215618581
2.4665543406720594
0.11165903633534209
0.8242423284790759
-1.9278418820485426
0.03394697687322903
-0.3968566596769901
0.16805643717691066
-0.7809900181104867
0.8219659779195314
0.47378405717050054
0.7054500533042418
1.802661814030368
0.22627310297296366
1.3466349634174222
-0.21855381019637604
0.11966317182155145
-1.7136062662819358
0.9601286262956417
0.3418762672855226
2.505915770762099
-1.7115056511602793
0.17767844077893902
-0.24945081216165968
0.2830431481714929
0.42273287606198495
-0.005568054946606726
-0.043071835376092604
0.27300833463682433
-0.06526393463689509
1.8691409339407554
-1.3888620012735031
-0.19776588415110083
1.613368294453616
1.6222919038972867
0.7288357314801851
-0.4482696432089561
1.5710883130799922
-0.009765348644037747
0.11368928215005869
0.26796571120318247
-0.7466337583472689
1.8641516750827136
0.5315839031903703
-0.19827585433919626
-0.5880932153204831
1.0294656800716087
2.2964817556284554
0.004417039877449291
-1.148998951308265
1.3807406281666608
0.10008610647764649
0.08400306990880657
0.6893017375500017
-0.039984980969140466
-2.672162991095773
0.7386164748150541
-0.5045282124064843
0.7970358227751444
0.2240043870662747
-2.021592216831548
0.4668904879052291
0.5005819653450947
-0.4181864486530976
0.6276186549245035
0.11777849868405524
0.5353275143782517
-1.6870490189231164
0.967301455611422
-0.26954129496842394
-2.241702227889526
0.7556124918098134
-2.6367716508796337
0.13210458795389635
0.17559576237167535
0.4539093069886624
0.34118243022747397
0.5734890298060757
-4.327721647918532
0.5722367894006362
1.9141813824245175
-0.5661985648599456
0.32860020609707824
-1.8787705237307475
-0.6406759973723335
-0.2866230775649288
-1.25970933405601
-0.861481891116531
0.36386310017085066
1.1180338558344391
-1.1962176704296945
-1.1197621065325305
0.10950551016937132
0.47106235096796945
1.777327438343725
0.36263802748423263
0.38976257920470986
-0.6265769108910523
-1.8395602400290691
0.74482868615219
1.0510404197504613
0.7675784031937007
0.2604046458370437
0.5112782082846337
1.0675250910767293
-0.09138457852566478
-1.3665525990308391
-1.6684510106414103
-0.17921419865597393
1.66007527969091
-0.320488851942178
-1.5357410621077816
0.38064517479732285
0.5361684629818212
1.0752021215901615
-0.9841574720323532
-0.8323836165127045
-0.6580092946226628
3.6686368990826264
0.21660830621270488
-0.24808561527643921
0.2803735003300113
-0.36311020695125096
0.07339486459507849
1.0515144175178246
-2.2142456639807007
0.3567761882177577
0.8323237382929142
0.9930337506287921
-0.7494206155823158
0.3199689493654842
-1.7136062662819358
-1.256522462796537
0.6034077395688329
0.34575667745154925
-0.9504168609894184
0.7102450112585346
0.2207217738643809
-0.0011364995283460466
-0.05405124366581365
1.6391132462884306
-0.23408389875132526
-1.4334536190946032
1.4868995411607575
-0.8063548665148548
1.2841553789853466
0.9724619202366005
-0.9360625358567718
-0.10081469120789471
-2.012977406186719
-1.4509181494402321
1.4348043089615814
-0.31588556890923586
-2.6336317139084326
0.06956261506574785
0.3424938331429534
-1.4331801946664289
-0.23012224601603948
1.3835464781434124
-2.9058124587881737
-1.7115056511602793
-0.09327856278299695
-0.32824607287232227
0.05739361235583673
0.6975964894231247
0.24007024787283981
0.07248173613486686
-0.21689822072087608
-0.4905598113234251
0.12897846439459265
-0.3888484079693635
1.1599088371814394
2.1988378409448655
-1.5183974451603852
-0.030364514038922208
0.2276215965887286
0.45132755544252634
1.324747210449584
0.12293277052409018
0.27460722327495024
-0.24124647535651494
0.8347976718201722
0.14454253749291973
0.7637192890127872
-0.2871166556193773
0.05890613431780506
-0.3144293602697182
1.2444833442640588
0.16544682304163838
-0.935045882983758
0.1714256524055512
0.30430872818200716
-0.760402883973972
1.262659461958303
-1.2074284839051381
0.02066467240631531
0.44362971871069984
-0.3540650105470156
0.11839375706161337
-0.39842567704156584
0.7807962627949974
